,idPDB,residue,atomtype,CS,CS_exp,error_exp,_merge,error_predictor,atom_name,error_squared,ChiSq
0,1.0,MET,C,,175.758,0.0,right_only,1.44,['C'],,
1,1.0,MET,CA,,56.606,0.034,right_only,0.9,['CA'],,
2,1.0,MET,CB,,30.576,0.0,right_only,1.0,['CB'],,
3,1.0,MET,CE,,21.744,0.0,right_only,,['CE'],,
4,1.0,MET,CG,,36.36,0.008,right_only,,['CG'],,
5,1.0,MET,HA,,4.34,0.008,right_only,0.24,['HA'],,
6,1.0,MET,HB2,,1.909,0.002,right_only,0.233,['HB1'],,
7,1.0,MET,HB3,,1.909,0.002,right_only,0.233,['HB2'],,
8,1.0,MET,HE1,2.008,1.189,0.006,right_only,0.302,['HE1'],0.6707609999999999,7.354512959957897
9,1.0,MET,HE2,2.008,1.189,0.006,right_only,0.302,['HE2'],0.6707609999999999,7.354512959957897
10,1.0,MET,HE3,2.008,1.189,0.006,right_only,0.302,['HE3'],0.6707609999999999,7.354512959957897
11,1.0,MET,HG2,2.5869999999999997,2.258,0.008,both,0.263,['HG1'],0.10824099999999982,1.564877329439486
12,1.0,MET,HG3,2.5869999999999997,2.308,0.007,both,0.263,['HG2'],0.07784099999999995,1.1253740837658481
13,2.0,SER,CA,,59.961,0.042,right_only,0.9,['CA'],,
14,2.0,SER,CB,,64.958,0.084,right_only,1.0,['CB'],,
15,2.0,SER,H,,7.955,0.003,right_only,0.43,['HN'],,
16,2.0,SER,HA,,4.27,0.002,right_only,0.24,['HA'],,
17,2.0,SER,HB2,3.883,3.811,0.024,both,0.22399999999999998,['HB1'],0.005184000000000009,0.10331632653061244
18,2.0,SER,HB3,3.883,3.832,0.027,both,0.22399999999999998,['HB2'],0.002601000000000016,0.05183753188775543
19,2.0,SER,N,,122.263,0.051,right_only,2.31,['N'],,
20,3.0,GLN,C,177.646,179.078,0.023,both,1.44,['C'],2.050624000000047,0.9889197530864425
21,3.0,GLN,CA,58.023999999999994,56.616,0.099,both,0.9,['CA'],1.9824639999999836,2.447486419753066
22,3.0,GLN,CB,28.127,29.224,0.023,both,1.0,['CB'],1.2034090000000028,1.2034090000000028
23,3.0,GLN,CD,,179.57,0.022,right_only,,['CD'],,
24,3.0,GLN,CG,,33.668,0.05,right_only,,['CG'],,
25,3.0,GLN,H,8.346,,,left_only,0.43,['HN'],,
26,3.0,GLN,HA,4.226,4.387,0.0,both,0.24,['HA'],0.025920999999999868,0.45001736111110885
27,3.0,GLN,HB2,2.147,2.108,0.015,both,0.17600000000000002,['HB1'],0.0015209999999999768,0.049102530991734776
28,3.0,GLN,HB3,2.147,2.108,0.015,both,0.17600000000000002,['HB2'],0.0015209999999999768,0.049102530991734776
29,3.0,GLN,HE21,,6.872,0.003,right_only,0.254,['1HE2'],,
30,3.0,GLN,HE22,,7.671,0.003,right_only,0.254,['2HE2'],,
31,3.0,GLN,HG2,2.408,2.308,0.002,both,0.193,['HG1'],0.010000000000000018,0.268463582914978
32,3.0,GLN,HG3,2.408,2.308,0.002,both,0.193,['HG2'],0.010000000000000018,0.268463582914978
33,3.0,GLN,N,122.31299999999999,,,left_only,2.31,['N'],,
34,3.0,GLN,NE2,,112.345,0.263,right_only,,['NE2'],,
35,4.0,SER,C,175.86900000000003,175.93,0.034,both,1.44,['C'],0.0037209999999973926,0.0017944637345666439
36,4.0,SER,CA,60.406000000000006,58.994,0.039,both,0.9,['CA'],1.9937440000000173,2.4614123456790336
37,4.0,SER,CB,63.022,63.49,0.037,both,1.0,['CB'],0.2190240000000033,0.2190240000000033
38,4.0,SER,H,8.414,8.647,0.007,both,0.43,['HN'],0.054289000000000254,0.2936127636560317
39,4.0,SER,HA,4.2780000000000005,4.465,0.015,both,0.24,['HA'],0.03496899999999977,0.6071006944444405
40,4.0,SER,HB2,3.923,3.907,0.004,both,0.22399999999999998,['HB1'],0.0002560000000000005,0.005102040816326541
41,4.0,SER,HB3,3.923,4.063,0.008,both,0.22399999999999998,['HB2'],0.01959999999999991,0.3906249999999983
42,4.0,SER,N,114.915,117.102,0.086,both,2.31,['N'],4.78296899999999,0.8963417102378122
43,5.0,ASN,C,176.84900000000002,177.378,0.007,both,1.44,['C'],0.2798409999999661,0.13495418595677378
44,5.0,ASN,CA,55.718,56.15,0.072,both,0.9,['CA'],0.18662399999999574,0.23039999999999472
45,5.0,ASN,CB,37.644,38.363,0.055,both,1.0,['CB'],0.5169610000000017,0.5169610000000017
46,5.0,ASN,CG,,175.017,0.018,right_only,,['CG'],,
47,5.0,ASN,H,8.097000000000001,8.603,0.01,both,0.43,['HN'],0.25603599999999843,1.3847268793942589
48,5.0,ASN,HA,4.512,4.744,0.012,both,0.24,['HA'],0.053824000000000094,0.9344444444444461
49,5.0,ASN,HB2,3.0269999999999997,2.748,0.009,both,0.185,['HB1'],0.0778409999999997,2.2743900657414087
50,5.0,ASN,HB3,3.0269999999999997,3.089,0.008,both,0.185,['HB2'],0.0038440000000000345,0.1123155588020463
51,5.0,ASN,HD21,7.428999999999999,7.504,0.006,both,0.301,['1HD2'],0.005625000000000027,0.06208540744583423
52,5.0,ASN,HD22,7.428999999999999,8.018,0.005,both,0.301,['2HD2'],0.34692100000000153,3.829107846491778
53,5.0,ASN,N,120.944,122.476,0.07,both,2.31,['N'],2.347023999999989,0.4398388336050653
54,5.0,ASN,ND2,,112.37,0.143,right_only,,['ND2'],,
55,6.0,ARG,C,177.899,177.331,0.023,both,1.44,['C'],0.3226240000000137,0.15558641975309304
56,6.0,ARG,CA,59.236999999999995,59.861,0.088,both,0.9,['CA'],0.3893760000000029,0.48071111111111464
57,6.0,ARG,CB,29.930999999999997,29.756,0.122,both,1.0,['CB'],0.030624999999999004,0.030624999999999004
58,6.0,ARG,CD,,43.257,0.023,right_only,,['CD'],,
59,6.0,ARG,CG,,27.414,0.045,right_only,,['CG'],,
60,6.0,ARG,H,7.897,8.252,0.004,both,0.43,['HN'],0.1260250000000003,0.6815846403461348
61,6.0,ARG,HA,4.205,3.927,0.01,both,0.24,['HA'],0.07728400000000002,1.3417361111111115
62,6.0,ARG,HB2,1.984,1.929,0.009,both,0.20199999999999999,['HB1'],0.003024999999999993,0.07413488873639823
63,6.0,ARG,HB3,1.984,1.929,0.009,both,0.20199999999999999,['HB2'],0.003024999999999993,0.07413488873639823
64,6.0,ARG,HD2,3.168,3.19,0.011,both,0.21,['HD1'],0.0004839999999999911,0.010975056689342204
65,6.0,ARG,HD3,3.168,3.19,0.011,both,0.21,['HD2'],0.0004839999999999911,0.010975056689342204
66,6.0,ARG,HE,7.377999999999999,,,left_only,,['HE'],,
67,6.0,ARG,HG2,1.643,1.639,0.004,both,0.207,['HG1'],1.600000000000003e-05,0.0003734042801465619
68,6.0,ARG,HG3,1.643,1.639,0.003,both,0.207,['HG2'],1.600000000000003e-05,0.0003734042801465619
69,6.0,ARG,N,120.58,120.024,0.074,both,2.31,['N'],0.3091359999999971,0.05793294728359609
70,7.0,GLU,C,179.12599999999998,179.388,0.028,both,1.44,['C'],0.06864400000001514,0.03310378086420483
71,7.0,GLU,CA,59.167,59.38,0.055,both,0.9,['CA'],0.04536900000000041,0.056011111111111615
72,7.0,GLU,CB,29.27,29.624,0.076,both,1.0,['CB'],0.12531599999999943,0.12531599999999943
73,7.0,GLU,CG,,36.876,0.115,right_only,,['CG'],,
74,7.0,GLU,H,7.809,7.953,0.004,both,0.43,['HN'],0.020736000000000036,0.11214710654407808
75,7.0,GLU,HA,4.039,3.907,0.005,both,0.24,['HA'],0.017423999999999915,0.30249999999999855
76,7.0,GLU,HB2,2.049,2.001,0.008,both,0.155,['HB1'],0.002304000000000004,0.09590010405827279
77,7.0,GLU,HB3,2.049,2.102,0.01,both,0.155,['HB2'],0.0028089999999999934,0.11691987513007256
78,7.0,GLU,HG2,2.278,2.217,0.008,both,0.17600000000000002,['HG1'],0.003720999999999993,0.12012525826446256
79,7.0,GLU,HG3,2.278,2.366,0.007,both,0.17600000000000002,['HG2'],0.007744000000000014,0.2500000000000004
80,7.0,GLU,N,119.40299999999999,117.799,0.072,both,2.31,['N'],2.572815999999952,0.48215288319183525
81,8.0,LEU,C,178.669,178.368,0.018,both,1.44,['C'],0.09060100000000972,0.043692611882720736
82,8.0,LEU,CA,58.027,58.116,0.056,both,0.9,['CA'],0.007920999999999756,0.009779012345678711
83,8.0,LEU,CB,41.466,41.926,0.043,both,1.0,['CB'],0.2116000000000008,0.2116000000000008
84,8.0,LEU,CD1,,24.286,0.106,right_only,,['CD1'],,
85,8.0,LEU,CD2,,23.524,0.112,right_only,,['CD2'],,
86,8.0,LEU,CG,,26.237,0.072,right_only,,['CG'],,
87,8.0,LEU,H,7.955,7.726,0.007,both,0.43,['HN'],0.05244100000000004,0.28361817198485695
88,8.0,LEU,HA,3.958,3.875,0.013,both,0.24,['HA'],0.0068890000000000305,0.11960069444444497
89,8.0,LEU,HB2,1.6640000000000001,1.287,0.011,both,0.191,['HB1'],0.14212900000000017,3.8959732463474186
90,8.0,LEU,HB3,1.6640000000000001,1.793,0.012,both,0.191,['HB2'],0.016640999999999944,0.4561552589018926
91,8.0,LEU,HD11,0.501,-0.02,0.005,right_only,0.25,['1HD1'],0.27144100000000004,4.343056000000001
92,8.0,LEU,HD12,0.501,-0.02,0.005,right_only,0.25,['2HD1'],0.27144100000000004,4.343056000000001
93,8.0,LEU,HD13,0.501,-0.02,0.005,right_only,0.25,['3HD1'],0.27144100000000004,4.343056000000001
94,8.0,LEU,HD21,0.501,0.125,0.004,right_only,0.237,['1HD2'],0.141376,2.516975555911624
95,8.0,LEU,HD22,0.501,0.125,0.004,right_only,0.237,['2HD2'],0.141376,2.516975555911624
96,8.0,LEU,HD23,0.501,0.125,0.004,right_only,0.237,['3HD2'],0.141376,2.516975555911624
97,8.0,LEU,HG,1.416,1.466,0.009,both,0.285,['HG'],0.0025000000000000044,0.030778701138812
98,8.0,LEU,N,120.402,119.794,0.057,both,2.31,['N'],0.369664000000005,0.06927606304229775
99,9.0,VAL,C,177.62400000000002,177.085,0.046,both,1.44,['C'],0.2905210000000169,0.14010464891976124
100,9.0,VAL,CA,66.585,67.766,0.099,both,0.9,['CA'],1.3947610000000275,1.7219271604938609
101,9.0,VAL,CB,31.354,32.429,0.041,both,1.0,['CB'],1.1556250000000061,1.1556250000000061
102,9.0,VAL,CG1,,24.136,0.119,right_only,,['CG1'],,
103,9.0,VAL,CG2,,22.941,0.113,right_only,,['CG2'],,
104,9.0,VAL,H,7.831,7.765,0.006,both,0.43,['HN'],0.004356000000000096,0.02355868036776688
105,9.0,VAL,HA,3.697,3.678,0.009,both,0.24,['HA'],0.00036100000000000487,0.006267361111111196
106,9.0,VAL,HB,2.2230000000000003,2.416,0.006,both,0.212,['HB'],0.03724899999999985,0.8287869348522573
107,9.0,VAL,HG11,0.907,1.074,0.008,right_only,0.214,['1HG1'],0.02788900000000001,0.6089833173202903
108,9.0,VAL,HG12,0.907,1.074,0.008,right_only,0.214,['2HG1'],0.02788900000000001,0.6089833173202903
109,9.0,VAL,HG13,0.907,1.074,0.008,right_only,0.214,['3HG1'],0.02788900000000001,0.6089833173202903
110,9.0,VAL,HG21,0.907,1.224,0.015,right_only,0.23600000000000002,['1HG2'],0.10048899999999997,1.804240879057741
111,9.0,VAL,HG22,0.907,1.224,0.015,right_only,0.23600000000000002,['2HG2'],0.10048899999999997,1.804240879057741
112,9.0,VAL,HG23,0.907,1.224,0.015,right_only,0.23600000000000002,['3HG2'],0.10048899999999997,1.804240879057741
113,9.0,VAL,N,119.47399999999999,117.818,0.04,both,2.31,['N'],2.7423359999999724,0.5139214032720474
114,10.0,VAL,C,176.608,178.588,0.042,both,1.44,['C'],3.9203999999999595,1.8906249999999805
115,10.0,VAL,CA,67.07,67.029,0.073,both,0.9,['CA'],0.001680999999999739,0.0020753086419749863
116,10.0,VAL,CB,31.281,31.401,0.068,both,1.0,['CB'],0.014400000000000239,0.014400000000000239
117,10.0,VAL,CG1,,20.182,0.049,right_only,,['CG1'],,
118,10.0,VAL,CG2,,22.816,0.128,right_only,,['CG2'],,
119,10.0,VAL,H,8.144,8.333,0.008,both,0.43,['HN'],0.035721000000000024,0.1931909140075718
120,10.0,VAL,HA,3.1039999999999996,2.926,0.011,both,0.24,['HA'],0.031683999999999816,0.5500694444444413
121,10.0,VAL,HB,2.04,1.762,0.005,both,0.212,['HB'],0.07728400000000002,1.7195621217515136
122,10.0,VAL,HG11,0.887,0.134,0.006,right_only,0.214,['1HG1'],0.567009,12.381190496986637
123,10.0,VAL,HG12,0.887,0.134,0.006,right_only,0.214,['2HG1'],0.567009,12.381190496986637
124,10.0,VAL,HG13,0.887,0.134,0.006,right_only,0.214,['3HG1'],0.567009,12.381190496986637
125,10.0,VAL,HG21,0.887,0.857,0.01,right_only,0.23600000000000002,['1HG2'],0.0009000000000000016,0.01615914966963519
126,10.0,VAL,HG22,0.887,0.857,0.01,right_only,0.23600000000000002,['2HG2'],0.0009000000000000016,0.01615914966963519
127,10.0,VAL,HG23,0.887,0.857,0.01,right_only,0.23600000000000002,['3HG2'],0.0009000000000000016,0.01615914966963519
128,10.0,VAL,N,119.712,117.317,0.071,both,2.31,['N'],5.7360250000000494,1.0749470587133017
129,11.0,ASP,C,177.81599999999997,177.495,0.012,both,1.44,['C'],0.10304099999998044,0.04969184027776835
130,11.0,ASP,CA,57.662,58.947,0.026,both,0.9,['CA'],1.6512250000000095,2.038549382716061
131,11.0,ASP,CB,40.786,43.345,0.093,both,1.0,['CB'],6.548480999999987,6.548480999999987
132,11.0,ASP,H,8.072000000000001,8.07,0.005,both,0.43,['HN'],4.000000000002671e-06,2.1633315305585028e-05
133,11.0,ASP,HA,4.231,4.083,0.009,both,0.24,['HA'],0.021903999999999906,0.38027777777777616
134,11.0,ASP,HB2,2.693,2.561,0.011,both,0.165,['HB1'],0.01742400000000003,0.640000000000001
135,11.0,ASP,HB3,2.693,2.675,0.046,both,0.165,['HB2'],0.0003240000000000086,0.011900826446281305
136,11.0,ASP,N,119.941,120.859,0.096,both,2.31,['N'],0.8427239999999856,0.15792882442232822
137,12.0,PHE,C,176.95,178.083,0.023,both,1.44,['C'],1.283689000000022,0.6190629822530971
138,12.0,PHE,CA,61.416000000000004,63.221,0.049,both,0.9,['CA'],3.2580249999999733,4.0222530864197195
139,12.0,PHE,CB,39.563,40.134,0.064,both,1.0,['CB'],0.32604099999999764,0.32604099999999764
140,12.0,PHE,CD1,,131.492,0.078,right_only,,['CD1'],,
141,12.0,PHE,CD2,,131.492,0.078,right_only,,['CD2'],,
142,12.0,PHE,CE1,,131.368,0.083,right_only,,['CE1'],,
143,12.0,PHE,CE2,,131.368,0.083,right_only,,['CE2'],,
144,12.0,PHE,H,7.779,8.327,0.005,both,0.43,['HN'],0.30030400000000007,1.6241427798810173
145,12.0,PHE,HA,4.14,3.953,0.013,both,0.24,['HA'],0.03496899999999994,0.6071006944444434
146,12.0,PHE,HB2,3.233,3.126,0.009,both,0.213,['HB1'],0.011449000000000044,0.2523529282108939
147,12.0,PHE,HB3,3.233,3.503,0.014,both,0.213,['HB2'],0.0729,1.6068240428486413
148,12.0,PHE,HD1,7.148,7.094,0.014,right_only,0.245,['HD1'],0.0029159999999999334,0.04857975843398473
149,12.0,PHE,HD2,7.148,7.094,0.014,right_only,0.245,['HD2'],0.0029159999999999334,0.04857975843398473
150,12.0,PHE,HE1,7.234,7.471,0.005,right_only,0.281,['HE1'],0.056169000000000045,0.7113511733640662
151,12.0,PHE,HE2,7.234,7.471,0.005,right_only,0.281,['HE2'],0.056169000000000045,0.7113511733640662
152,12.0,PHE,HZ,7.19,,,left_only,0.322,['HZ'],,
153,12.0,PHE,N,120.87700000000001,120.293,0.054,both,2.31,['N'],0.34105600000000375,0.06391484417458514
154,13.0,LEU,C,178.47,179.454,0.018,both,1.44,['C'],0.9682560000000174,0.4669444444444529
155,13.0,LEU,CA,57.937,58.291,0.059,both,0.9,['CA'],0.12531599999999943,0.15471111111111038
156,13.0,LEU,CB,41.049,41.739,0.07,both,1.0,['CB'],0.47609999999999686,0.47609999999999686
157,13.0,LEU,CD1,,21.852,0.049,right_only,,['CD1'],,
158,13.0,LEU,CD2,,25.766,0.163,right_only,,['CD2'],,
159,13.0,LEU,CG,,26.659,0.142,right_only,,['CG'],,
160,13.0,LEU,H,8.522,8.907,0.004,both,0.43,['HN'],0.14822499999999983,0.8016495402920489
161,13.0,LEU,HA,3.906,3.99,0.008,both,0.24,['HA'],0.007056000000000013,0.12250000000000022
162,13.0,LEU,HB2,1.579,1.508,0.009,both,0.191,['HB1'],0.005040999999999993,0.13818151914695304
163,13.0,LEU,HB3,1.579,1.817,0.01,both,0.191,['HB2'],0.05664399999999999,1.5526986650585235
164,13.0,LEU,HD11,0.7609999999999999,0.953,0.011,right_only,0.25,['1HD1'],0.03686400000000002,0.5898240000000003
165,13.0,LEU,HD12,0.7609999999999999,0.953,0.011,right_only,0.25,['2HD1'],0.03686400000000002,0.5898240000000003
166,13.0,LEU,HD13,0.7609999999999999,0.953,0.011,right_only,0.25,['3HD1'],0.03686400000000002,0.5898240000000003
167,13.0,LEU,HD21,0.7609999999999999,0.952,0.01,right_only,0.237,['1HD2'],0.03648100000000002,0.6494863714860514
168,13.0,LEU,HD22,0.7609999999999999,0.952,0.01,right_only,0.237,['2HD2'],0.03648100000000002,0.6494863714860514
169,13.0,LEU,HD23,0.7609999999999999,0.952,0.01,right_only,0.237,['3HD2'],0.03648100000000002,0.6494863714860514
170,13.0,LEU,HG,1.6880000000000002,2.273,0.009,both,0.285,['HG'],0.34222499999999995,4.213296398891966
171,13.0,LEU,N,118.321,116.845,0.064,both,2.31,['N'],2.1785759999999974,0.40827120931016986
172,14.0,SER,C,176.58700000000002,177.281,0.021,both,1.44,['C'],0.4816359999999839,0.23227044753085646
173,14.0,SER,CA,62.1,62.641,0.065,both,0.9,['CA'],0.2926809999999966,0.3613345679012303
174,14.0,SER,CB,62.615,62.594,0.0,both,1.0,['CB'],0.00044100000000003343,0.00044100000000003343
175,14.0,SER,H,8.431000000000001,8.503,0.005,both,0.43,['HN'],0.005183999999999881,0.02803677663601883
176,14.0,SER,HA,4.131,4.257,0.014,both,0.24,['HA'],0.01587599999999986,0.27562499999999757
177,14.0,SER,HB2,3.714,3.835,0.003,both,0.22399999999999998,['HB1'],0.014641,0.2917928890306123
178,14.0,SER,HB3,3.714,3.96,0.011,both,0.22399999999999998,['HB2'],0.060516,1.206074617346939
179,14.0,SER,N,115.08,114.306,0.098,both,2.31,['N'],0.5990760000000014,0.11226851071006941
180,15.0,TYR,C,177.03900000000002,178.247,0.003,both,1.44,['C'],1.4592639999999961,0.7037345679012328
181,15.0,TYR,CA,61.39,60.311,0.087,both,0.9,['CA'],1.1642410000000014,1.4373345679012361
182,15.0,TYR,CB,38.135999999999996,37.99,0.156,both,1.0,['CB'],0.021315999999998156,0.021315999999998156
183,15.0,TYR,CD1,,132.182,0.073,right_only,,['CD1'],,
184,15.0,TYR,CD2,,132.182,0.073,right_only,,['CD2'],,
185,15.0,TYR,CE1,,117.411,0.0,right_only,,['CE1'],,
186,15.0,TYR,CE2,,117.411,0.0,right_only,,['CE2'],,
187,15.0,TYR,H,8.025,8.252,0.007,both,0.43,['HN'],0.051529000000000144,0.2786857760951874
188,15.0,TYR,HA,4.23,4.388,0.013,both,0.24,['HA'],0.024963999999999834,0.4334027777777749
189,15.0,TYR,HB2,3.0210000000000004,3.043,0.005,both,0.23,['HB1'],0.0004839999999999911,0.009149338374290947
190,15.0,TYR,HB3,3.0210000000000004,,,left_only,0.23,['HB2'],,
191,15.0,TYR,HD1,7.023,6.767,0.013,right_only,0.244,['HD1'],0.06553599999999966,1.100779360386987
192,15.0,TYR,HD2,7.023,6.767,0.013,right_only,0.244,['HD2'],0.06553599999999966,1.100779360386987
193,15.0,TYR,HE1,6.779,6.89,0.002,right_only,0.193,['HE1'],0.012320999999999948,0.33077398050954243
194,15.0,TYR,HE2,6.779,6.89,0.002,right_only,0.193,['HE2'],0.012320999999999948,0.33077398050954243
195,15.0,TYR,N,124.00299999999999,124.988,0.063,both,2.31,['N'],0.9702250000000269,0.181822866887807
196,16.0,LYS,C,178.921,180.272,0.035,both,1.44,['C'],1.8252009999999976,0.8802088155864186
197,16.0,LYS,CA,58.882,57.063,0.042,both,0.9,['CA'],3.3087609999999836,4.08489012345677
198,16.0,LYS,CB,31.476,29.849,0.051,both,1.0,['CB'],2.6471289999999965,2.6471289999999965
199,16.0,LYS,H,7.915,8.331,0.005,both,0.43,['HN'],0.17305599999999957,0.9359437533802033
200,16.0,LYS,HA,3.766,3.829,0.017,both,0.24,['HA'],0.003969000000000021,0.06890625000000036
201,16.0,LYS,HB2,1.777,,,left_only,0.18,['HB1'],,
202,16.0,LYS,HB3,1.777,,,left_only,0.18,['HB2'],,
203,16.0,LYS,HD2,1.5119999999999998,,,left_only,0.205,['HD1'],,
204,16.0,LYS,HD3,1.5119999999999998,,,left_only,0.205,['HD2'],,
205,16.0,LYS,HG2,1.145,,,left_only,0.19699999999999998,['HG1'],,
206,16.0,LYS,HG3,1.145,,,left_only,0.19699999999999998,['HG2'],,
207,16.0,LYS,N,118.367,120.256,0.065,both,2.31,['N'],3.568320999999984,0.6687132924795233
208,17.0,LEU,C,178.90200000000002,179.917,0.01,both,1.44,['C'],1.0302249999999724,0.49682918595677683
209,17.0,LEU,CA,57.513000000000005,58.693,0.101,both,0.9,['CA'],1.3923999999999825,1.7190123456789907
210,17.0,LEU,CB,41.69,41.178,0.081,both,1.0,['CB'],0.2621440000000005,0.2621440000000005
211,17.0,LEU,CD1,,23.988,0.056,right_only,,['CD1'],,
212,17.0,LEU,CD2,,26.397,0.11,right_only,,['CD2'],,
213,17.0,LEU,CG,,27.931,0.158,right_only,,['CG'],,
214,17.0,LEU,H,8.464,8.726,0.003,both,0.43,['HN'],0.06864400000000023,0.371249323958898
215,17.0,LEU,HA,4.249,4.075,0.009,both,0.24,['HA'],0.03027599999999982,0.5256249999999969
216,17.0,LEU,HB2,1.81,1.522,0.012,both,0.191,['HB1'],0.08294400000000002,2.273621885364985
217,17.0,LEU,HB3,1.81,2.143,0.014,both,0.191,['HB2'],0.11088899999999982,3.039637071352206
218,17.0,LEU,HD11,0.679,0.764,0.007,right_only,0.25,['1HD1'],0.007224999999999994,0.1155999999999999
219,17.0,LEU,HD12,0.679,0.764,0.007,right_only,0.25,['2HD1'],0.007224999999999994,0.1155999999999999
220,17.0,LEU,HD13,0.679,0.764,0.007,right_only,0.25,['3HD1'],0.007224999999999994,0.1155999999999999
221,17.0,LEU,HD21,0.679,0.932,0.01,right_only,0.237,['1HD2'],0.064009,1.1395787712083179
222,17.0,LEU,HD22,0.679,0.932,0.01,right_only,0.237,['2HD2'],0.064009,1.1395787712083179
223,17.0,LEU,HD23,0.679,0.932,0.01,right_only,0.237,['3HD2'],0.064009,1.1395787712083179
224,17.0,LEU,HG,1.618,1.846,0.01,both,0.285,['HG'],0.05198399999999999,0.6399999999999999
225,17.0,LEU,N,118.68,118.564,0.046,both,2.31,['N'],0.013456000000003217,0.002521691872341826
226,18.0,SER,C,177.09900000000002,178.612,0.002,both,1.44,['C'],2.2891689999999296,1.103958815586386
227,18.0,SER,CA,61.501999999999995,61.783,0.089,both,0.9,['CA'],0.07896100000000332,0.09748271604938681
228,18.0,SER,CB,62.971000000000004,62.613,0.138,both,1.0,['CB'],0.12816400000000294,0.12816400000000294
229,18.0,SER,H,8.478,8.394,0.019,both,0.43,['HN'],0.007055999999999938,0.03816116819902617
230,18.0,SER,HA,4.217,4.696,0.007,both,0.24,['HA'],0.2294410000000001,3.983350694444446
231,18.0,SER,HB2,3.9789999999999996,4.098,0.005,both,0.22399999999999998,['HB1'],0.014161000000000052,0.2822265625000011
232,18.0,SER,HB3,3.9789999999999996,4.214,0.012,both,0.22399999999999998,['HB2'],0.05522500000000036,1.1006257971938849
233,18.0,SER,N,116.182,117.861,0.049,both,2.31,['N'],2.819041000000007,0.5282961338805507
234,19.0,GLN,C,177.123,177.237,0.017,both,1.44,['C'],0.012996000000000984,0.006267361111111586
235,19.0,GLN,CA,57.951,58.536,0.154,both,0.9,['CA'],0.342225000000001,0.4225000000000012
236,19.0,GLN,CB,28.37,28.795,0.195,both,1.0,['CB'],0.1806250000000006,0.1806250000000006
237,19.0,GLN,CD,,179.723,0.007,right_only,,['CD'],,
238,19.0,GLN,CG,,34.463,0.106,right_only,,['CG'],,
239,19.0,GLN,H,8.102,7.691,0.005,both,0.43,['HN'],0.1689210000000004,0.9135803136830742
240,19.0,GLN,HA,4.053,4.017,0.005,both,0.24,['HA'],0.0012959999999999704,0.022499999999999486
241,19.0,GLN,HB2,1.933,,,left_only,0.17600000000000002,['HB1'],,
242,19.0,GLN,HB3,1.933,,,left_only,0.17600000000000002,['HB2'],,
243,19.0,GLN,HE21,,6.849,0.008,right_only,0.254,['1HE2'],,
244,19.0,GLN,HE22,,7.524,0.009,right_only,0.254,['2HE2'],,
245,19.0,GLN,HG2,1.923,1.996,0.027,both,0.193,['HG1'],0.0053289999999999935,0.14306424333539136
246,19.0,GLN,HG3,1.923,2.109,0.01,both,0.193,['HG2'],0.03459599999999998,0.9287766114526558
247,19.0,GLN,N,119.76899999999999,122.899,0.06,both,2.31,['N'],9.796900000000061,1.8359663424598605
248,19.0,GLN,NE2,,114.612,0.25,right_only,,['NE2'],,
249,20.0,LYS,C,176.362,175.581,0.024,both,1.44,['C'],0.6099610000000092,0.29415557484568344
250,20.0,LYS,CA,55.185,54.032,0.168,both,0.9,['CA'],1.3294090000000134,1.6412456790123622
251,20.0,LYS,CB,32.236,32.659,0.15,both,1.0,['CB'],0.17892900000000153,0.17892900000000153
252,20.0,LYS,CD,,28.269,0.07,right_only,,['CD'],,
253,20.0,LYS,CE,,42.272,0.136,right_only,,['CE'],,
254,20.0,LYS,CG,,25.109,0.071,right_only,,['CG'],,
255,20.0,LYS,H,7.348,7.268,0.003,both,0.43,['HN'],0.006400000000000012,0.03461330448891299
256,20.0,LYS,HA,4.364,4.425,0.008,both,0.24,['HA'],0.003720999999999993,0.06460069444444433
257,20.0,LYS,HB2,1.9280000000000002,1.783,0.025,both,0.18,['HB1'],0.021025000000000068,0.6489197530864219
258,20.0,LYS,HB3,1.9280000000000002,2.122,0.008,both,0.18,['HB2'],0.03763599999999989,1.1616049382716016
259,20.0,LYS,HD2,1.6640000000000001,1.679,0.009,both,0.205,['HD1'],0.00022499999999999707,0.0053539559785841075
260,20.0,LYS,HD3,1.6640000000000001,1.679,0.009,both,0.205,['HD2'],0.00022499999999999707,0.0053539559785841075
261,20.0,LYS,HE2,,3.025,0.015,right_only,0.204,['HE1'],,
262,20.0,LYS,HE3,,3.025,0.015,right_only,0.204,['HE2'],,
263,20.0,LYS,HG2,1.479,1.039,0.028,both,0.19699999999999998,['HG1'],0.19360000000000016,4.988533587569899
264,20.0,LYS,HG3,1.479,1.573,0.01,both,0.19699999999999998,['HG2'],0.008835999999999974,0.22767914658970798
265,20.0,LYS,N,116.353,116.425,0.049,both,2.31,['N'],0.005184000000000393,0.000971496036431175
266,21.0,GLY,C,174.06,174.012,0.0,both,1.44,['C'],0.002304000000000175,0.0011111111111111955
267,21.0,GLY,CA,45.397,45.316,0.077,both,0.9,['CA'],0.006560999999999346,0.008099999999999193
268,21.0,GLY,H,7.6739999999999995,7.62,0.005,both,0.43,['HN'],0.0029159999999999334,0.015770686857760594
269,21.0,GLY,HA2,3.835,3.683,0.007,both,,['HA1'],0.02310400000000004,
270,21.0,GLY,HA3,3.835,3.995,0.006,both,,['HA2'],0.025600000000000046,
271,21.0,GLY,N,107.522,105.593,0.078,both,2.31,['N'],3.721041000000008,0.6973334457750057
272,22.0,TYR,C,175.40400000000002,175.024,0.005,both,1.44,['C'],0.14440000000001815,0.0696373456790211
273,22.0,TYR,CA,57.063,55.645,0.027,both,0.9,['CA'],2.010723999999998,2.4823753086419726
274,22.0,TYR,CB,39.510999999999996,40.969,0.077,both,1.0,['CB'],2.125764000000016,2.125764000000016
275,22.0,TYR,CD1,,131.916,0.053,right_only,,['CD1'],,
276,22.0,TYR,CD2,,131.916,0.053,right_only,,['CD2'],,
277,22.0,TYR,CE1,,118.159,0.048,right_only,,['CE1'],,
278,22.0,TYR,CE2,,118.159,0.048,right_only,,['CE2'],,
279,22.0,TYR,H,7.9,7.892,0.004,both,0.43,['HN'],6.400000000000012e-05,0.00034613304488912994
280,22.0,TYR,HA,4.727,5.047,0.006,both,0.24,['HA'],0.10239999999999962,1.7777777777777712
281,22.0,TYR,HB2,2.9739999999999998,2.787,0.008,both,0.23,['HB1'],0.03496899999999994,0.6610396975425319
282,22.0,TYR,HB3,2.9739999999999998,3.215,0.008,both,0.23,['HB2'],0.05808100000000005,1.097939508506617
283,22.0,TYR,HD1,7.108,7.067,0.006,right_only,0.244,['HD1'],0.0016809999999999575,0.028235017468421754
284,22.0,TYR,HD2,7.108,7.067,0.006,right_only,0.244,['HD2'],0.0016809999999999575,0.028235017468421754
285,22.0,TYR,HE1,6.874,6.826,0.008,right_only,0.193,['HE1'],0.002304000000000004,0.06185400950361093
286,22.0,TYR,HE2,6.874,6.826,0.008,right_only,0.193,['HE2'],0.002304000000000004,0.06185400950361093
287,22.0,TYR,N,120.28200000000001,119.884,0.049,both,2.31,['N'],0.15840400000000823,0.029685350724313306
288,23.0,SER,C,174.856,174.483,0.032,both,1.44,['C'],0.13912899999999287,0.06709538966049039
289,23.0,SER,CA,57.044,56.776,0.066,both,0.9,['CA'],0.07182399999999656,0.08867160493826735
290,23.0,SER,CB,64.277,64.778,0.047,both,1.0,['CB'],0.2510010000000048,0.2510010000000048
291,23.0,SER,H,8.365,8.561,0.006,both,0.43,['HN'],0.038415999999999895,0.2077663601946993
292,23.0,SER,HA,4.626,4.863,0.005,both,0.24,['HA'],0.056169000000000045,0.9751562500000008
293,23.0,SER,HB2,3.8289999999999997,3.83,0.004,both,0.22399999999999998,['HB1'],1.0000000000006678e-06,1.9929846938788824e-05
294,23.0,SER,HB3,3.8289999999999997,3.829,0.003,both,0.22399999999999998,['HB2'],1.9721522630525295e-31,3.930469274259665e-30
295,23.0,SER,N,116.738,115.41,0.046,both,2.31,['N'],1.7635840000000078,0.3305005528382166
296,24.0,TRP,C,177.687,176.876,0.042,both,1.44,['C'],0.6577210000000114,0.31718798225309197
297,24.0,TRP,CA,59.731,60.051,0.075,both,0.9,['CA'],0.10240000000000019,0.12641975308641998
298,24.0,TRP,CB,29.715,30.824,0.071,both,1.0,['CB'],1.229881000000004,1.229881000000004
299,24.0,TRP,CD1,,131.426,0.0,right_only,,['CD1'],,
300,24.0,TRP,CE3,,119.19,0.067,right_only,,['CE3'],,
301,24.0,TRP,CH2,,122.826,0.026,right_only,,['CH2'],,
302,24.0,TRP,CZ2,,114.367,0.04,right_only,,['CZ2'],,
303,24.0,TRP,CZ3,,121.185,0.102,right_only,,['CZ3'],,
304,24.0,TRP,H,9.066,9.026,0.006,both,0.43,['HN'],0.0016000000000000738,0.008653326122228631
305,24.0,TRP,HA,4.445,4.346,0.015,both,0.24,['HA'],0.009801000000000039,0.17015625000000068
306,24.0,TRP,HB2,3.373,3.204,0.008,both,0.235,['HB1'],0.028561000000000013,0.5171751923947491
307,24.0,TRP,HB3,3.373,3.473,0.01,both,0.235,['HB2'],0.009999999999999929,0.18107741059302726
308,24.0,TRP,HD1,7.235,7.028,0.011,both,0.271,['HD1'],0.042849000000000304,0.5834479378004153
309,24.0,TRP,HE1,10.192,10.066,0.001,both,0.545,['HE1'],0.01587599999999986,0.05345004629239915
310,24.0,TRP,HE3,7.624,7.286,0.015,both,0.365,['HE3'],0.11424400000000005,0.8575267404766378
311,24.0,TRP,HH2,7.0360000000000005,6.811,0.009,both,0.285,['HH2'],0.05062500000000024,0.6232686980609449
312,24.0,TRP,HZ2,7.454,7.294,0.007,both,0.289,['HZ2'],0.025600000000000046,0.3065097400653734
313,24.0,TRP,HZ3,6.832000000000001,6.719,0.008,both,0.314,['HZ3'],0.012769000000000098,0.1295082964826169
314,24.0,TRP,N,126.87299999999999,127.533,0.057,both,2.31,['N'],0.43560000000001425,0.08163265306122716
315,24.0,TRP,NE1,,128.939,0.07,right_only,,['NE1'],,
316,25.0,SER,C,176.03799999999998,175.164,0.022,both,1.44,['C'],0.7638759999999917,0.3683815586419713
317,25.0,SER,CA,60.922,60.033,0.044,both,0.9,['CA'],0.7903209999999925,0.9757049382715957
318,25.0,SER,CB,62.512,62.931,0.132,both,1.0,['CB'],0.17556099999999744,0.17556099999999744
319,25.0,SER,H,8.302,8.236,0.006,both,0.43,['HN'],0.004355999999999861,0.02355868036776561
320,25.0,SER,HA,4.079,4.104,0.004,both,0.24,['HA'],0.0006250000000000178,0.010850694444444753
321,25.0,SER,HB2,3.917,3.866,0.013,both,0.22399999999999998,['HB1'],0.0026009999999999705,0.05183753188775452
322,25.0,SER,HB3,3.917,3.867,0.014,both,0.22399999999999998,['HB2'],0.0024999999999999823,0.04982461734693843
323,25.0,SER,N,114.509,112.236,0.081,both,2.31,['N'],5.166528999999983,0.9682219223777633
324,26.0,GLN,C,176.299,176.075,0.03,both,1.44,['C'],0.05017600000000805,0.024197530864201414
325,26.0,GLN,CA,57.275,56.959,0.106,both,0.9,['CA'],0.09985599999999709,0.12327901234567541
326,26.0,GLN,CB,28.531,28.764,0.104,both,1.0,['CB'],0.054289000000000254,0.054289000000000254
327,26.0,GLN,CD,,180.234,0.012,right_only,,['CD'],,
328,26.0,GLN,CG,,34.245,0.07,right_only,,['CG'],,
329,26.0,GLN,H,7.276,7.467,0.005,both,0.43,['HN'],0.03648099999999994,0.19730124391562975
330,26.0,GLN,HA,3.935,3.895,0.008,both,0.24,['HA'],0.001600000000000003,0.02777777777777783
331,26.0,GLN,HB2,1.375,1.378,0.004,both,0.17600000000000002,['HB1'],8.99999999999935e-06,0.00029054752066113595
332,26.0,GLN,HB3,1.375,1.501,0.008,both,0.17600000000000002,['HB2'],0.015875999999999973,0.51252582644628
333,26.0,GLN,HE21,,6.819,0.005,right_only,0.254,['1HE2'],,
334,26.0,GLN,HE22,,7.347,0.005,right_only,0.254,['2HE2'],,
335,26.0,GLN,HG2,2.106,1.838,0.007,both,0.193,['HG1'],0.07182399999999989,1.9282128379285317
336,26.0,GLN,HG3,2.106,1.963,0.003,both,0.193,['HG2'],0.02044899999999994,0.548981180702836
337,26.0,GLN,N,120.899,119.53,0.052,both,2.31,['N'],1.8741609999999993,0.3512229905736398
338,26.0,GLN,NE2,,111.1,0.201,right_only,,['NE2'],,
339,27.0,PHE,C,175.653,175.107,0.014,both,1.44,['C'],0.29811599999999155,0.14376736111110705
340,27.0,PHE,CA,57.11600000000001,56.629,0.118,both,0.9,['CA'],0.23716900000000873,0.292801234567912
341,27.0,PHE,CB,39.48,39.909,0.056,both,1.0,['CB'],0.18404100000000176,0.18404100000000176
342,27.0,PHE,CD1,,131.458,0.147,right_only,,['CD1'],,
343,27.0,PHE,CD2,,131.458,0.147,right_only,,['CD2'],,
344,27.0,PHE,CE1,,130.984,0.053,right_only,,['CE1'],,
345,27.0,PHE,CE2,,130.984,0.053,right_only,,['CE2'],,
346,27.0,PHE,CZ,,129.276,0.012,right_only,,['CZ'],,
347,27.0,PHE,H,7.204,7.343,0.005,both,0.43,['HN'],0.019321000000000064,0.10449432125473264
348,27.0,PHE,HA,4.459,4.594,0.006,both,0.24,['HA'],0.018225000000000182,0.31640625000000316
349,27.0,PHE,HB2,2.381,2.171,0.01,both,0.213,['HB1'],0.044099999999999986,0.9720293592541159
350,27.0,PHE,HB3,2.381,3.042,0.008,both,0.213,['HB2'],0.43692100000000006,9.630386387180675
351,27.0,PHE,HD1,6.9239999999999995,7.02,0.009,right_only,0.245,['HD1'],0.009216000000000016,0.15353602665556046
352,27.0,PHE,HD2,6.9239999999999995,7.02,0.009,right_only,0.245,['HD2'],0.009216000000000016,0.15353602665556046
353,27.0,PHE,HE1,7.079,7.056,0.006,right_only,0.281,['HE1'],0.0005289999999999856,0.0066995098846264044
354,27.0,PHE,HE2,7.079,7.056,0.006,right_only,0.281,['HE2'],0.0005289999999999856,0.0066995098846264044
355,27.0,PHE,HZ,6.872999999999999,6.869,0.018,both,0.322,['HZ'],1.5999999999996476e-05,0.00015431503414216729
356,27.0,PHE,N,116.208,116.668,0.047,both,2.31,['N'],0.2116000000000073,0.03965442926482025
357,28.0,SER,C,174.108,173.703,0.015,both,1.44,['C'],0.16402500000000092,0.07910156250000044
358,28.0,SER,CA,57.492,57.662,0.063,both,0.9,['CA'],0.02890000000000058,0.03567901234567973
359,28.0,SER,CB,64.851,63.931,0.079,both,1.0,['CB'],0.8464000000000031,0.8464000000000031
360,28.0,SER,H,6.8260000000000005,7.336,0.007,both,0.43,['HN'],0.2600999999999998,1.4067063277447258
361,28.0,SER,HA,4.3389999999999995,4.151,0.005,both,0.24,['HA'],0.035343999999999896,0.6136111111111093
362,28.0,SER,HB2,3.508,3.182,0.014,both,0.22399999999999998,['HB1'],0.10627600000000004,2.1180644132653073
363,28.0,SER,HB3,3.508,3.239,0.016,both,0.22399999999999998,['HB2'],0.07236100000000006,1.4421436543367363
364,28.0,SER,N,114.384,114.121,0.093,both,2.31,['N'],0.06916900000000276,0.012962463222203999
365,29.0,ASP,C,176.929,176.32,0.007,both,1.44,['C'],0.3708810000000108,0.17885850694444966
366,29.0,ASP,CA,53.89,54.194,0.101,both,0.9,['CA'],0.09241600000000125,0.11409382716049536
367,29.0,ASP,CB,40.973,41.145,0.062,both,1.0,['CB'],0.02958400000000143,0.02958400000000143
368,29.0,ASP,H,8.328,8.37,0.005,both,0.43,['HN'],0.0017639999999999845,0.009540292049756543
369,29.0,ASP,HA,4.622,4.601,0.01,both,0.24,['HA'],0.00044099999999999614,0.007656249999999933
370,29.0,ASP,HB2,2.653,2.659,0.007,both,0.165,['HB1'],3.59999999999974e-05,0.0013223140495866811
371,29.0,ASP,HB3,2.653,2.659,0.007,both,0.165,['HB2'],3.59999999999974e-05,0.0013223140495866811
372,29.0,ASP,N,122.292,122.733,0.065,both,2.31,['N'],0.1944810000000022,0.03644628099173595
373,30.0,VAL,C,177.42,176.232,0.001,both,1.44,['C'],1.411343999999972,0.6806249999999865
374,30.0,VAL,CA,64.444,62.417,0.04,both,0.9,['CA'],4.108729000000004,5.072504938271609
375,30.0,VAL,CB,31.745,33.024,0.079,both,1.0,['CB'],1.6358409999999999,1.6358409999999999
376,30.0,VAL,CG1,,21.092,0.347,right_only,,['CG1'],,
377,30.0,VAL,CG2,,20.497,0.09,right_only,,['CG2'],,
378,30.0,VAL,H,8.411,7.968,0.002,both,0.43,['HN'],0.19624899999999967,1.0613791238507284
379,30.0,VAL,HA,3.88,4.096,0.002,both,0.24,['HA'],0.046656000000000086,0.8100000000000015
380,30.0,VAL,HB,2.202,2.069,0.021,both,0.212,['HB'],0.017689000000000003,0.39357867568529736
381,30.0,VAL,HG11,0.935,0.9,0.003,right_only,0.214,['1HG1'],0.0012250000000000021,0.026749061053367156
382,30.0,VAL,HG12,0.935,0.9,0.003,right_only,0.214,['2HG1'],0.0012250000000000021,0.026749061053367156
383,30.0,VAL,HG13,0.935,0.9,0.003,right_only,0.214,['3HG1'],0.0012250000000000021,0.026749061053367156
384,30.0,VAL,HG21,0.935,0.9,0.003,right_only,0.23600000000000002,['1HG2'],0.0012250000000000021,0.021994398161447895
385,30.0,VAL,HG22,0.935,0.9,0.003,right_only,0.23600000000000002,['2HG2'],0.0012250000000000021,0.021994398161447895
386,30.0,VAL,HG23,0.935,0.9,0.003,right_only,0.23600000000000002,['3HG2'],0.0012250000000000021,0.021994398161447895
387,30.0,VAL,N,120.448,119.197,0.089,both,2.31,['N'],1.5650009999999763,0.2932855456232035
388,31.0,GLU,C,177.25,176.526,0.007,both,1.44,['C'],0.5241759999999849,0.2527854938271532
389,31.0,GLU,CA,58.078,56.706,0.098,both,0.9,['CA'],1.8823839999999996,2.3239308641975303
390,31.0,GLU,CB,29.178,30.25,0.026,both,1.0,['CB'],1.1491839999999982,1.1491839999999982
391,31.0,GLU,CG,,36.368,0.0,right_only,,['CG'],,
392,31.0,GLU,H,8.517999999999999,8.502,0.01,both,0.43,['HN'],0.0002559999999999436,0.0013845321795562123
393,31.0,GLU,HA,4.159,4.26,0.004,both,0.24,['HA'],0.010200999999999997,0.1771006944444444
394,31.0,GLU,HB2,2.0469999999999997,2.259,0.004,both,0.155,['HB1'],0.04494400000000008,1.8707180020811687
395,31.0,GLU,HB3,2.0469999999999997,2.26,0.004,both,0.155,['HB2'],0.045369000000000034,1.8884079084287213
396,31.0,GLU,HG2,2.286,2.259,0.005,both,0.17600000000000002,['HG1'],0.0007290000000000073,0.02353434917355395
397,31.0,GLU,HG3,2.286,2.26,0.004,both,0.17600000000000002,['HG2'],0.0006760000000000127,0.021823347107438423
398,31.0,GLU,N,119.334,124.47,0.051,both,2.31,['N'],26.378495999999956,4.943403609377627
399,32.0,GLU,C,176.703,176.172,0.017,both,1.44,['C'],0.2819610000000063,0.13597656250000303
400,32.0,GLU,CA,56.611999999999995,56.732,0.064,both,0.9,['CA'],0.01440000000000109,0.017777777777779124
401,32.0,GLU,CB,30.296999999999997,30.643,0.195,both,1.0,['CB'],0.11971600000000251,0.11971600000000251
402,32.0,GLU,CG,,36.329,0.031,right_only,,['CG'],,
403,32.0,GLU,H,7.821000000000001,8.426,0.003,both,0.43,['HN'],0.36602499999999943,1.979583558680365
404,32.0,GLU,HA,4.27,4.233,0.014,both,0.24,['HA'],0.0013689999999999941,0.02376736111111101
405,32.0,GLU,HB2,2.044,2.263,0.013,both,0.155,['HB1'],0.04796099999999994,1.9962955254942742
406,32.0,GLU,HB3,2.044,2.263,0.013,both,0.155,['HB2'],0.04796099999999994,1.9962955254942742
407,32.0,GLU,HG2,2.271,1.938,0.008,both,0.17600000000000002,['HG1'],0.11088899999999997,3.579836002066114
408,32.0,GLU,HG3,2.271,1.938,0.008,both,0.17600000000000002,['HG2'],0.11088899999999997,3.579836002066114
409,32.0,GLU,N,117.17299999999999,122.145,0.082,both,2.31,['N'],24.720784000000084,4.632743764172351
410,33.0,ASN,C,175.342,174.983,0.006,both,1.44,['C'],0.12888100000000638,0.062153260030867276
411,33.0,ASN,CA,53.412,53.36,0.154,both,0.9,['CA'],0.0027039999999999586,0.0033382716049382205
412,33.0,ASN,CB,38.923,38.994,0.109,both,1.0,['CB'],0.00504099999999971,0.00504099999999971
413,33.0,ASN,CG,,177.044,0.005,right_only,,['CG'],,
414,33.0,ASN,H,7.556,8.503,0.013,both,0.43,['HN'],0.8968090000000001,4.850237966468362
415,33.0,ASN,HA,4.671,4.708,0.037,both,0.24,['HA'],0.0013689999999999941,0.02376736111111101
416,33.0,ASN,HB2,2.7710000000000004,2.725,0.011,both,0.185,['HB1'],0.002116000000000024,0.06182615047479983
417,33.0,ASN,HB3,2.7710000000000004,2.833,0.013,both,0.185,['HB2'],0.0038439999999999794,0.11231555880204469
418,33.0,ASN,HD21,7.245,6.915,0.003,both,0.301,['1HD2'],0.10890000000000005,1.2019734881513457
419,33.0,ASN,HD22,7.245,7.604,0.015,both,0.301,['2HD2'],0.128881,1.4225118928047153
420,33.0,ASN,N,118.199,119.562,0.103,both,2.31,['N'],1.8577689999999987,0.34815108412510987
421,33.0,ASN,ND2,,112.696,0.218,right_only,,['ND2'],,
422,34.0,ARG,C,176.02599999999998,176.47,0.016,both,1.44,['C'],0.19713600000001494,0.09506944444445166
423,34.0,ARG,CA,55.83,56.151,0.027,both,0.9,['CA'],0.10304100000000324,0.1272111111111151
424,34.0,ARG,CB,30.322,30.891,0.081,both,1.0,['CB'],0.3237609999999989,0.3237609999999989
425,34.0,ARG,CD,,43.361,0.106,right_only,,['CD'],,
426,34.0,ARG,CG,,27.052,0.044,right_only,,['CG'],,
427,34.0,ARG,H,8.539,8.33,0.007,both,0.43,['HN'],0.043680999999999845,0.2362412114656563
428,34.0,ARG,HA,4.4639999999999995,4.411,0.009,both,0.24,['HA'],0.0028089999999999934,0.048767361111111
429,34.0,ARG,HB2,1.845,1.769,0.003,both,0.20199999999999999,['HB1'],0.00577600000000001,0.14155474953435965
430,34.0,ARG,HB3,1.845,1.889,0.007,both,0.20199999999999999,['HB2'],0.0019360000000000035,0.04744632879129507
431,34.0,ARG,HD2,3.136,3.193,0.007,both,0.21,['HD1'],0.003248999999999993,0.07367346938775496
432,34.0,ARG,HD3,3.136,3.192,0.003,both,0.21,['HD2'],0.0031360000000000055,0.07111111111111125
433,34.0,ARG,HE,7.336,,,left_only,,['HE'],,
434,34.0,ARG,HG2,1.61,1.621,0.01,both,0.207,['HG1'],0.00012099999999999778,0.0028238698686083173
435,34.0,ARG,HG3,1.61,1.621,0.01,both,0.207,['HG2'],0.00012099999999999778,0.0028238698686083173
436,34.0,ARG,N,124.75299999999999,122.04,0.048,both,2.31,['N'],7.360368999999889,1.3793536477951855
437,35.0,THR,C,175.27900000000002,174.429,0.008,both,1.44,['C'],0.7225000000000387,0.34842785493829026
438,35.0,THR,CA,62.657,62.079,0.061,both,0.9,['CA'],0.3340839999999952,0.4124493827160435
439,35.0,THR,CB,69.495,69.825,0.062,both,1.0,['CB'],0.10889999999999887,0.10889999999999887
440,35.0,THR,CG2,,21.602,0.123,right_only,,['CG2'],,
441,35.0,THR,H,8.048,8.283,0.004,both,0.43,['HN'],0.05522499999999973,0.29867495943753236
442,35.0,THR,HA,4.226,4.329,0.008,both,0.24,['HA'],0.01060899999999995,0.18418402777777693
443,35.0,THR,HB,4.224,4.217,0.005,both,0.247,['HB'],4.900000000000786e-05,0.0008031601894803695
444,35.0,THR,HG21,1.2109999999999999,1.199,0.005,right_only,0.146,['1HG2'],0.00014399999999999494,0.006755488834677939
445,35.0,THR,HG22,1.2109999999999999,1.199,0.005,right_only,0.146,['2HG2'],0.00014399999999999494,0.006755488834677939
446,35.0,THR,HG23,1.2109999999999999,1.199,0.005,right_only,0.146,['3HG2'],0.00014399999999999494,0.006755488834677939
447,35.0,THR,N,114.166,115.85,0.051,both,2.31,['N'],2.8358559999999917,0.5314473117070504
448,36.0,GLU,C,176.50099999999998,175.641,0.002,both,1.44,['C'],0.7395999999999746,0.35667438271603713
449,36.0,GLU,CA,57.152,56.396,0.164,both,0.9,['CA'],0.5715360000000004,0.7056000000000004
450,36.0,GLU,CB,29.776999999999997,30.379,0.022,both,1.0,['CB'],0.36240400000000467,0.36240400000000467
451,36.0,GLU,CG,,36.22,0.0,right_only,,['CG'],,
452,36.0,GLU,H,8.469,8.402,0.004,both,0.43,['HN'],0.0044890000000000225,0.024277988101676706
453,36.0,GLU,HA,4.271,4.311,0.008,both,0.24,['HA'],0.001600000000000003,0.02777777777777783
454,36.0,GLU,HB2,2.029,2.251,0.002,both,0.155,['HB1'],0.04928399999999999,2.0513631633714873
455,36.0,GLU,HB3,2.029,,,left_only,0.155,['HB2'],,
456,36.0,GLU,HG2,2.249,,,left_only,0.17600000000000002,['HG1'],,
457,36.0,GLU,HG3,2.249,,,left_only,0.17600000000000002,['HG2'],,
458,36.0,GLU,N,120.243,123.074,0.046,both,2.31,['N'],8.014561000000018,1.5019510503926123
459,37.0,ALA,C,175.679,175.419,0.0,both,1.44,['C'],0.06759999999999527,0.03260030864197303
460,37.0,ALA,CA,50.924,50.532,0.098,both,0.9,['CA'],0.15366400000000235,0.18970864197531154
461,37.0,ALA,CB,18.222,18.633,0.098,both,1.0,['CB'],0.1689209999999982,0.1689209999999982
462,37.0,ALA,H,7.722,8.314,0.007,both,0.43,['HN'],0.35046399999999955,1.8954245538128696
463,37.0,ALA,HA,4.515,4.613,0.002,both,0.24,['HA'],0.009604000000000147,0.16673611111111367
464,37.0,ALA,HB1,1.369,1.35,0.002,right_only,0.15,['HB1'],0.0003609999999999964,0.016044444444444285
465,37.0,ALA,HB2,1.369,1.35,0.002,right_only,0.15,['HB2'],0.0003609999999999964,0.016044444444444285
466,37.0,ALA,HB3,1.369,1.35,0.002,right_only,0.15,['HB3'],0.0003609999999999964,0.016044444444444285
467,37.0,ALA,N,123.258,126.19,0.039,both,2.31,['N'],8.596624000000013,1.6110312775247864
468,38.0,PRO,C,176.648,177.029,0.0,both,1.44,['C'],0.14516100000000018,0.07000434027777787
469,38.0,PRO,CA,62.836000000000006,63.216,0.11,both,0.9,['CA'],0.14439999999999653,0.1782716049382673
470,38.0,PRO,CB,32.455999999999996,32.134,0.102,both,1.0,['CB'],0.10368399999999718,0.10368399999999718
471,38.0,PRO,CD,,50.614,0.042,right_only,,['CD'],,
472,38.0,PRO,CG,,27.576,0.051,right_only,,['CG'],,
473,38.0,PRO,HA,4.553,4.427,0.005,both,0.24,['HA'],0.015876000000000084,0.27562500000000145
474,38.0,PRO,HB2,2.1109999999999998,1.938,0.011,both,0.19699999999999998,['HB1'],0.02992899999999994,0.7711870957767515
475,38.0,PRO,HB3,2.1109999999999998,2.291,0.006,both,0.19699999999999998,['HB2'],0.03240000000000006,0.8348578937875253
476,38.0,PRO,HD2,3.736,3.663,0.006,both,0.25,['HD1'],0.0053290000000000585,0.08526400000000094
477,38.0,PRO,HD3,3.736,3.771,0.005,both,0.25,['HD2'],0.001224999999999979,0.019599999999999663
478,38.0,PRO,HG2,1.976,1.929,0.01,both,0.207,['HG1'],0.0022089999999999935,0.051553128427734456
479,38.0,PRO,HG3,1.976,2.024,0.012,both,0.207,['HG2'],0.002304000000000004,0.053770216341104904
480,39.0,GLU,C,176.77200000000002,177.079,0.009,both,1.44,['C'],0.0942489999999926,0.045451871141971745
481,39.0,GLU,CA,56.163000000000004,56.836,0.031,both,0.9,['CA'],0.45292899999999287,0.5591716049382628
482,39.0,GLU,CB,30.236,30.441,0.228,both,1.0,['CB'],0.0420249999999993,0.0420249999999993
483,39.0,GLU,CG,,36.332,0.015,right_only,,['CG'],,
484,39.0,GLU,H,8.471,8.64,0.002,both,0.43,['HN'],0.028561000000000163,0.15446727961060122
485,39.0,GLU,HA,4.213,4.301,0.009,both,0.24,['HA'],0.007744000000000014,0.1344444444444447
486,39.0,GLU,HB2,1.943,1.989,0.023,both,0.155,['HB1'],0.0021160000000000037,0.08807492195629568
487,39.0,GLU,HB3,1.943,2.05,0.023,both,0.155,['HB2'],0.011448999999999949,0.47654526534859304
488,39.0,GLU,HG2,2.271,2.304,0.005,both,0.17600000000000002,['HG1'],0.0010889999999999947,0.03515624999999982
489,39.0,GLU,HG3,2.271,2.304,0.005,both,0.17600000000000002,['HG2'],0.0010889999999999947,0.03515624999999982
490,39.0,GLU,N,120.823,121.295,0.093,both,2.31,['N'],0.22278400000000795,0.041750342010083756
491,40.0,GLY,C,174.77200000000002,174.602,0.037,both,1.44,['C'],0.02890000000000541,0.013937114197533474
492,40.0,GLY,CA,45.31,45.485,0.01,both,0.9,['CA'],0.030624999999999004,0.03780864197530741
493,40.0,GLY,H,8.517999999999999,8.521,0.003,both,0.43,['HN'],9.00000000001134e-06,4.867495943759514e-05
494,40.0,GLY,HA2,4.0680000000000005,4.081,0.007,both,,['HA1'],0.0001689999999999974,
495,40.0,GLY,HA3,4.0680000000000005,4.081,0.007,both,,['HA2'],0.0001689999999999974,
496,40.0,GLY,N,109.65700000000001,110.317,0.034,both,2.31,['N'],0.43559999999997673,0.08163265306122013
497,41.0,THR,C,175.722,175.499,0.04,both,1.44,['C'],0.04972900000000588,0.02398196373457074
498,41.0,THR,CA,62.887,62.273,0.111,both,0.9,['CA'],0.37699599999999656,0.4654271604938229
499,41.0,THR,CB,69.619,69.917,0.032,both,1.0,['CB'],0.08880400000000109,0.08880400000000109
500,41.0,THR,CG2,,21.79,0.0,right_only,,['CG2'],,
501,41.0,THR,H,8.457,8.268,0.004,both,0.43,['HN'],0.035721000000000024,0.1931909140075718
502,41.0,THR,HA,4.255,4.385,0.024,both,0.24,['HA'],0.01689999999999997,0.2934027777777773
503,41.0,THR,HB,4.238,4.309,0.005,both,0.247,['HB'],0.005040999999999961,0.08262715337081351
504,41.0,THR,HG21,1.208,1.196,0.005,right_only,0.146,['1HG2'],0.00014400000000000025,0.006755488834678188
505,41.0,THR,HG22,1.208,1.196,0.005,right_only,0.146,['2HG2'],0.00014400000000000025,0.006755488834678188
506,41.0,THR,HG23,1.208,1.196,0.005,right_only,0.146,['3HG2'],0.00014400000000000025,0.006755488834678188
507,41.0,THR,N,113.684,113.178,0.04,both,2.31,['N'],0.2560360000000002,0.04798185941043088
508,42.0,GLU,C,177.5,177.161,0.053,both,1.44,['C'],0.11492099999999908,0.055421006944444004
509,42.0,GLU,CA,58.211999999999996,57.492,0.055,both,0.9,['CA'],0.5183999999999984,0.639999999999998
510,42.0,GLU,CB,29.268,29.924,0.19,both,1.0,['CB'],0.43033599999999844,0.43033599999999844
511,42.0,GLU,CG,,36.307,0.031,right_only,,['CG'],,
512,42.0,GLU,H,8.595,8.847,0.01,both,0.43,['HN'],0.06350399999999944,0.3434505137912355
513,42.0,GLU,HA,4.194,4.371,0.009,both,0.24,['HA'],0.031329000000000176,0.543906250000003
514,42.0,GLU,HB2,2.07,1.96,0.006,both,0.155,['HB1'],0.012099999999999972,0.5036420395421424
515,42.0,GLU,HB3,2.07,2.072,0.013,both,0.155,['HB2'],4.000000000000895e-06,0.00016649323621231613
516,42.0,GLU,HG2,2.315,2.307,0.006,both,0.17600000000000002,['HG1'],6.400000000000012e-05,0.0020661157024793424
517,42.0,GLU,HG3,2.315,2.307,0.005,both,0.17600000000000002,['HG2'],6.400000000000012e-05,0.0020661157024793424
518,42.0,GLU,N,121.63799999999999,123.14,0.06,both,2.31,['N'],2.2560040000000288,0.42278143213208685
519,43.0,SER,C,175.583,175.673,0.022,both,1.44,['C'],0.008100000000000614,0.003906250000000296
520,43.0,SER,CA,59.81399999999999,58.925,0.044,both,0.9,['CA'],0.7903209999999925,0.9757049382715957
521,43.0,SER,CB,63.556999999999995,63.71,0.044,both,1.0,['CB'],0.023409000000001776,0.023409000000001776
522,43.0,SER,H,7.965,8.51,0.016,both,0.43,['HN'],0.29702499999999993,1.606408869659275
523,43.0,SER,HA,4.32,4.43,0.007,both,0.24,['HA'],0.012099999999999875,0.21006944444444228
524,43.0,SER,HB2,3.86,3.892,0.011,both,0.22399999999999998,['HB1'],0.001024000000000002,0.020408163265306162
525,43.0,SER,HB3,3.86,3.985,0.012,both,0.22399999999999998,['HB2'],0.015625,0.3114038584183674
526,43.0,SER,N,114.419,115.679,0.117,both,2.31,['N'],1.587600000000013,0.29752066115702724
527,44.0,GLU,C,178.365,177.924,0.014,both,1.44,['C'],0.1944810000000022,0.09378906250000107
528,44.0,GLU,CA,59.398999999999994,59.074,0.051,both,0.9,['CA'],0.10562499999999723,0.13040123456789782
529,44.0,GLU,CB,29.074,29.413,0.04,both,1.0,['CB'],0.11492099999999908,0.11492099999999908
530,44.0,GLU,CG,,36.051,0.0,right_only,,['CG'],,
531,44.0,GLU,H,7.882999999999999,8.35,0.023,both,0.43,['HN'],0.2180890000000005,1.1794970254191484
532,44.0,GLU,HA,3.912,3.992,0.004,both,0.24,['HA'],0.006400000000000012,0.11111111111111131
533,44.0,GLU,HB2,2.029,2.064,0.01,both,0.155,['HB1'],0.00122500000000001,0.05098855359001082
534,44.0,GLU,HB3,2.029,2.063,0.01,both,0.155,['HB2'],0.0011560000000000173,0.04811654526534931
535,44.0,GLU,HG2,2.252,2.318,0.003,both,0.17600000000000002,['HG1'],0.004356000000000037,0.14062500000000117
536,44.0,GLU,HG3,2.252,2.319,0.001,both,0.17600000000000002,['HG2'],0.0044890000000000225,0.14491864669421556
537,44.0,GLU,N,123.441,123.102,0.044,both,2.31,['N'],0.11492099999999908,0.021536515432619155
538,45.0,ALA,C,179.547,180.641,0.004,both,1.44,['C'],1.1968359999999871,0.5771778549382655
539,45.0,ALA,CA,55.026,55.157,0.081,both,0.9,['CA'],0.0171609999999982,0.021186419753084194
540,45.0,ALA,CB,18.385,18.575,0.148,both,1.0,['CB'],0.03609999999999913,0.03609999999999913
541,45.0,ALA,H,8.042,8.227,0.005,both,0.43,['HN'],0.034225000000000186,0.18510005408328928
542,45.0,ALA,HA,4.16,4.131,0.005,both,0.24,['HA'],0.0008409999999999951,0.014600694444444359
543,45.0,ALA,HB1,1.482,1.471,0.009,right_only,0.15,['HB1'],0.00012099999999999778,0.005377777777777679
544,45.0,ALA,HB2,1.482,1.471,0.009,right_only,0.15,['HB2'],0.00012099999999999778,0.005377777777777679
545,45.0,ALA,HB3,1.482,1.471,0.009,right_only,0.15,['HB3'],0.00012099999999999778,0.005377777777777679
546,45.0,ALA,N,120.12700000000001,120.958,0.067,both,2.31,['N'],0.6905609999999814,0.12941305447798607
547,46.0,VAL,C,177.609,176.724,0.015,both,1.44,['C'],0.7832250000000343,0.37771267361112765
548,46.0,VAL,CA,65.215,66.189,0.03,both,0.9,['CA'],0.9486759999999796,1.1712049382715797
549,46.0,VAL,CB,31.44,31.811,0.068,both,1.0,['CB'],0.13764099999999901,0.13764099999999901
550,46.0,VAL,CG1,,22.453,0.074,right_only,,['CG1'],,
551,46.0,VAL,CG2,,22.91,0.201,right_only,,['CG2'],,
552,46.0,VAL,H,7.681,7.569,0.009,both,0.43,['HN'],0.012544000000000022,0.06784207679826947
553,46.0,VAL,HA,3.6319999999999997,3.496,0.004,both,0.24,['HA'],0.018495999999999912,0.32111111111110957
554,46.0,VAL,HB,1.992,1.956,0.006,both,0.212,['HB'],0.0012960000000000022,0.028835884656461426
555,46.0,VAL,HG11,0.628,0.545,0.004,right_only,0.214,['1HG1'],0.006888999999999994,0.15042798497685375
556,46.0,VAL,HG12,0.628,0.545,0.004,right_only,0.214,['2HG1'],0.006888999999999994,0.15042798497685375
557,46.0,VAL,HG13,0.628,0.545,0.004,right_only,0.214,['3HG1'],0.006888999999999994,0.15042798497685375
558,46.0,VAL,HG21,0.628,1.044,0.006,right_only,0.23600000000000002,['1HG2'],0.17305600000000004,3.1071531169204256
559,46.0,VAL,HG22,0.628,1.044,0.006,right_only,0.23600000000000002,['2HG2'],0.17305600000000004,3.1071531169204256
560,46.0,VAL,HG23,0.628,1.044,0.006,right_only,0.23600000000000002,['3HG2'],0.17305600000000004,3.1071531169204256
561,46.0,VAL,N,119.14200000000001,118.867,0.057,both,2.31,['N'],0.07562500000000312,0.014172335600907615
562,47.0,LYS,C,178.601,178.888,0.014,both,1.44,['C'],0.08236900000000352,0.039722704475310344
563,47.0,LYS,CA,60.005,59.801,0.063,both,0.9,['CA'],0.04161600000000026,0.05137777777777809
564,47.0,LYS,CB,32.021,32.514,0.084,both,1.0,['CB'],0.24304900000000207,0.24304900000000207
565,47.0,LYS,CD,,30.195,0.0,right_only,,['CD'],,
566,47.0,LYS,H,8.113,7.437,0.008,both,0.43,['HN'],0.456975999999999,2.4714764737696
567,47.0,LYS,HA,3.7239999999999998,3.719,0.008,both,0.24,['HA'],2.4999999999998934e-05,0.00043402777777775927
568,47.0,LYS,HB2,1.7590000000000001,1.604,0.022,both,0.18,['HB1'],0.024025000000000008,0.7415123456790126
569,47.0,LYS,HB3,1.7590000000000001,1.869,0.008,both,0.18,['HB2'],0.012099999999999972,0.37345679012345595
570,47.0,LYS,HD2,1.4969999999999999,,,left_only,0.205,['HD1'],,
571,47.0,LYS,HD3,1.4969999999999999,,,left_only,0.205,['HD2'],,
572,47.0,LYS,HE2,,2.717,0.008,right_only,0.204,['HE1'],,
573,47.0,LYS,HE3,,2.716,0.008,right_only,0.204,['HE2'],,
574,47.0,LYS,HG2,1.3119999999999998,1.313,0.0,both,0.19699999999999998,['HG1'],1.0000000000002238e-06,2.576721894406514e-05
575,47.0,LYS,HG3,1.3119999999999998,1.135,0.01,both,0.19699999999999998,['HG2'],0.03132899999999994,0.8072612022984346
576,47.0,LYS,N,120.544,117.922,0.047,both,2.31,['N'],6.874884,1.2883724068139653
577,48.0,GLN,C,178.2,177.625,0.039,both,1.44,['C'],0.3306249999999869,0.15944492669752455
578,48.0,GLN,CA,58.681000000000004,59.027,0.085,both,0.9,['CA'],0.1197159999999976,0.14779753086419456
579,48.0,GLN,CB,28.236,28.103,0.068,both,1.0,['CB'],0.017688999999999764,0.017688999999999764
580,48.0,GLN,CD,,179.778,0.069,right_only,,['CD'],,
581,48.0,GLN,CG,,33.206,0.1,right_only,,['CG'],,
582,48.0,GLN,H,8.086,8.168,0.004,both,0.43,['HN'],0.00672399999999983,0.03636560302866323
583,48.0,GLN,HA,3.97,3.712,0.011,both,0.24,['HA'],0.066564,1.155625
584,48.0,GLN,HB2,2.1,1.977,0.008,both,0.17600000000000002,['HB1'],0.015129,0.48841038223140487
585,48.0,GLN,HB3,2.1,2.084,0.007,both,0.17600000000000002,['HB2'],0.0002560000000000005,0.00826446280991737
586,48.0,GLN,HE21,,6.651,0.032,right_only,0.254,['1HE2'],,
587,48.0,GLN,HE22,,7.877,0.002,right_only,0.254,['2HE2'],,
588,48.0,GLN,HG2,2.326,2.369,0.004,both,0.193,['HG1'],0.0018490000000000127,0.04963891648097969
589,48.0,GLN,HG3,2.326,2.369,0.004,both,0.193,['HG2'],0.0018490000000000127,0.04963891648097969
590,48.0,GLN,N,118.35600000000001,116.49,0.075,both,2.31,['N'],3.481956000000052,0.6525282509698191
591,48.0,GLN,NE2,,112.09,0.276,right_only,,['NE2'],,
592,49.0,ALA,C,179.421,179.807,0.045,both,1.44,['C'],0.14899599999999666,0.07185378086419593
593,49.0,ALA,CA,55.153,54.93,0.055,both,0.9,['CA'],0.049728999999999544,0.06139382716049326
594,49.0,ALA,CB,18.180999999999997,18.708,0.061,both,1.0,['CB'],0.27772900000000106,0.27772900000000106
595,49.0,ALA,H,7.7589999999999995,7.789,0.007,both,0.43,['HN'],0.0009000000000000149,0.004867495943753461
596,49.0,ALA,HA,4.026,4.227,0.004,both,0.24,['HA'],0.04040100000000021,0.7014062500000037
597,49.0,ALA,HB1,1.4180000000000001,1.456,0.008,right_only,0.15,['HB1'],0.0014439999999999857,0.06417777777777714
598,49.0,ALA,HB2,1.4180000000000001,1.456,0.008,right_only,0.15,['HB2'],0.0014439999999999857,0.06417777777777714
599,49.0,ALA,HB3,1.4180000000000001,1.456,0.008,right_only,0.15,['HB3'],0.0014439999999999857,0.06417777777777714
600,49.0,ALA,N,122.24,120.362,0.078,both,2.31,['N'],3.5268840000000004,0.6609478832855457
601,50.0,LEU,C,178.674,179.225,0.009,both,1.44,['C'],0.30360099999998647,0.14641251929011695
602,50.0,LEU,CA,57.997,58.581,0.052,both,0.9,['CA'],0.34105600000000375,0.42105679012346137
603,50.0,LEU,CB,41.417,42.279,0.075,both,1.0,['CB'],0.7430440000000033,0.7430440000000033
604,50.0,LEU,CD1,,23.328,0.068,right_only,,['CD1'],,
605,50.0,LEU,CD2,,23.492,0.115,right_only,,['CD2'],,
606,50.0,LEU,CG,,26.965,0.092,right_only,,['CG'],,
607,50.0,LEU,H,8.308,8.491,0.006,both,0.43,['HN'],0.033488999999999935,0.18111952406706294
608,50.0,LEU,HA,4.065,4.151,0.007,both,0.24,['HA'],0.007395999999999898,0.128402777777776
609,50.0,LEU,HB2,1.5730000000000002,1.432,0.018,both,0.191,['HB1'],0.019881000000000065,0.5449686137989657
610,50.0,LEU,HB3,1.5730000000000002,1.497,0.02,both,0.191,['HB2'],0.00577600000000001,0.1583289931745295
611,50.0,LEU,HD11,0.057999999999999996,-0.366,0.004,right_only,0.25,['1HD1'],0.179776,2.876416
612,50.0,LEU,HD12,0.057999999999999996,-0.366,0.004,right_only,0.25,['2HD1'],0.179776,2.876416
613,50.0,LEU,HD13,0.057999999999999996,-0.366,0.004,right_only,0.25,['3HD1'],0.179776,2.876416
614,50.0,LEU,HD21,0.057999999999999996,0.12,0.006,right_only,0.237,['1HD2'],0.0038439999999999998,0.06843632608734355
615,50.0,LEU,HD22,0.057999999999999996,0.12,0.006,right_only,0.237,['2HD2'],0.0038439999999999998,0.06843632608734355
616,50.0,LEU,HD23,0.057999999999999996,0.12,0.006,right_only,0.237,['3HD2'],0.0038439999999999998,0.06843632608734355
617,50.0,LEU,HG,1.402,1.234,0.009,both,0.285,['HG'],0.028223999999999975,0.347479224376731
618,50.0,LEU,N,118.721,120.591,0.052,both,2.31,['N'],3.4968999999999637,0.6553287981859343
619,51.0,ARG,C,178.097,178.618,0.027,both,1.44,['C'],0.271440999999986,0.13090326003085745
620,51.0,ARG,CA,59.568000000000005,60.954,0.034,both,0.9,['CA'],1.920995999999988,2.371599999999985
621,51.0,ARG,CB,29.808000000000003,30.888,0.091,both,1.0,['CB'],1.1663999999999963,1.1663999999999963
622,51.0,ARG,H,8.007,8.17,0.008,both,0.43,['HN'],0.026569000000000082,0.14369388858842663
623,51.0,ARG,HA,3.9610000000000003,3.772,0.009,both,0.24,['HA'],0.03572100000000019,0.6201562500000033
624,51.0,ARG,HB2,1.828,,,left_only,0.20199999999999999,['HB1'],,
625,51.0,ARG,HB3,1.828,,,left_only,0.20199999999999999,['HB2'],,
626,51.0,ARG,HD2,2.89,,,left_only,0.21,['HD1'],,
627,51.0,ARG,HD3,2.89,,,left_only,0.21,['HD2'],,
628,51.0,ARG,HE,6.487,,,left_only,,['HE'],,
629,51.0,ARG,HG2,1.4369999999999998,,,left_only,0.207,['HG1'],,
630,51.0,ARG,HG3,1.4369999999999998,,,left_only,0.207,['HG2'],,
631,51.0,ARG,N,119.32700000000001,118.934,0.06,both,2.31,['N'],0.15444900000001172,0.028944172710408674
632,52.0,GLU,C,178.72400000000002,179.937,0.001,both,1.44,['C'],1.471368999999985,0.7095722415123386
633,52.0,GLU,CA,58.815,59.383,0.038,both,0.9,['CA'],0.32262400000000563,0.39830123456790817
634,52.0,GLU,CB,29.421,29.64,0.036,both,1.0,['CB'],0.047961000000000524,0.047961000000000524
635,52.0,GLU,CG,,36.761,0.047,right_only,,['CG'],,
636,52.0,GLU,H,8.138,7.914,0.006,both,0.43,['HN'],0.05017600000000009,0.27136830719307786
637,52.0,GLU,HA,4.098,4.156,0.006,both,0.24,['HA'],0.0033639999999999803,0.058402777777777436
638,52.0,GLU,HB2,2.102,2.173,0.02,both,0.155,['HB1'],0.005041000000000025,0.20982310093652548
639,52.0,GLU,HB3,2.102,2.167,0.022,both,0.155,['HB2'],0.004224999999999993,0.17585848074921925
640,52.0,GLU,HG2,2.316,2.379,0.005,both,0.17600000000000002,['HG1'],0.003969000000000021,0.1281314566115709
641,52.0,GLU,HG3,2.316,2.585,0.007,both,0.17600000000000002,['HG2'],0.07236100000000006,2.336034349173555
642,52.0,GLU,N,118.25,116.532,0.059,both,2.31,['N'],2.951524000000012,0.5531238170199232
643,53.0,ALA,C,179.42700000000002,181.683,0.067,both,1.44,['C'],5.089535999999873,2.454444444444383
644,53.0,ALA,CA,54.916000000000004,55.114,0.025,both,0.9,['CA'],0.039203999999997345,0.048399999999996716
645,53.0,ALA,CB,18.230999999999998,19.476,0.097,both,1.0,['CB'],1.5500250000000024,1.5500250000000024
646,53.0,ALA,H,8.343,8.902,0.003,both,0.43,['HN'],0.3124809999999992,1.6899999999999957
647,53.0,ALA,HA,4.0760000000000005,4.473,0.004,both,0.24,['HA'],0.1576089999999995,2.7362673611111026
648,53.0,ALA,HB1,1.297,1.692,0.009,right_only,0.15,['HB1'],0.15602500000000002,6.934444444444446
649,53.0,ALA,HB2,1.297,1.692,0.009,right_only,0.15,['HB2'],0.15602500000000002,6.934444444444446
650,53.0,ALA,HB3,1.297,1.692,0.009,right_only,0.15,['HB3'],0.15602500000000002,6.934444444444446
651,53.0,ALA,N,121.773,123.226,0.084,both,2.31,['N'],2.1112090000000086,0.39564644590618775
652,54.0,GLY,C,175.46200000000002,175.33,0.0,both,1.44,['C'],0.01742400000000132,0.008402777777778415
653,54.0,GLY,CA,47.108999999999995,47.111,0.093,both,0.9,['CA'],4.000000000009777e-06,4.938271604950342e-06
654,54.0,GLY,H,8.458,9.186,0.003,both,0.43,['HN'],0.5299839999999997,2.866327744726878
655,54.0,GLY,HA2,4.093,4.037,0.02,both,,['HA1'],0.0031360000000000055,
656,54.0,GLY,HA3,4.093,4.046,0.009,both,,['HA2'],0.0022089999999999727,
657,54.0,GLY,N,106.506,108.711,0.059,both,2.31,['N'],4.862024999999992,0.9111570247933869
658,55.0,ASP,C,177.94299999999998,179.023,0.036,both,1.44,['C'],1.166400000000027,0.562500000000013
659,55.0,ASP,CA,56.985,57.752,0.016,both,0.9,['CA'],0.5882890000000046,0.7262827160493883
660,55.0,ASP,CB,40.547,39.839,0.047,both,1.0,['CB'],0.5012639999999977,0.5012639999999977
661,55.0,ASP,H,8.183,8.224,0.007,both,0.43,['HN'],0.0016810000000000303,0.0090914007571662
662,55.0,ASP,HA,4.525,,,left_only,0.24,['HA'],,
663,55.0,ASP,HB2,2.77,2.745,0.005,both,0.165,['HB1'],0.0006249999999999956,0.022956841138659156
664,55.0,ASP,HB3,2.77,3.038,0.014,both,0.165,['HB2'],0.07182399999999989,2.638163452708903
665,55.0,ASP,N,121.68700000000001,122.891,0.071,both,2.31,['N'],1.4496159999999845,0.271662075298436
666,56.0,GLU,C,178.019,178.472,0.007,both,1.44,['C'],0.20520900000000267,0.0989626736111124
667,56.0,GLU,CA,58.56100000000001,59.6,0.026,both,0.9,['CA'],1.0795209999999884,1.3327419753086276
668,56.0,GLU,CB,29.87,29.782,0.093,both,1.0,['CB'],0.00774400000000017,0.00774400000000017
669,56.0,GLU,CG,,36.37,0.04,right_only,,['CG'],,
670,56.0,GLU,H,7.796,8.282,0.003,both,0.43,['HN'],0.23619599999999977,1.277425635478636
671,56.0,GLU,HA,4.203,4.18,0.011,both,0.24,['HA'],0.0005290000000000265,0.009184027777778239
672,56.0,GLU,HB2,2.174,2.3,0.007,both,0.155,['HB1'],0.015875999999999973,0.6608116545265337
673,56.0,GLU,HB3,2.174,2.3,0.007,both,0.155,['HB2'],0.015875999999999973,0.6608116545265337
674,56.0,GLU,HG2,2.3209999999999997,2.443,0.006,both,0.17600000000000002,['HG1'],0.014884000000000081,0.48050103305785374
675,56.0,GLU,HG3,2.3209999999999997,2.442,0.006,both,0.17600000000000002,['HG2'],0.014641000000000107,0.47265625000000333
676,56.0,GLU,N,119.488,120.753,0.088,both,2.31,['N'],1.6002250000000013,0.299886621315193
677,57.0,PHE,C,177.235,177.008,0.004,both,1.44,['C'],0.051529000000001754,0.024850019290124304
678,57.0,PHE,CA,61.809,61.915,0.119,both,0.9,['CA'],0.01123600000000035,0.013871604938272036
679,57.0,PHE,CB,39.241,40.025,0.091,both,1.0,['CB'],0.6146559999999983,0.6146559999999983
680,57.0,PHE,CD1,,131.764,0.079,right_only,,['CD1'],,
681,57.0,PHE,CD2,,131.764,0.079,right_only,,['CD2'],,
682,57.0,PHE,CE1,,131.914,0.005,right_only,,['CE1'],,
683,57.0,PHE,CE2,,131.914,0.005,right_only,,['CE2'],,
684,57.0,PHE,H,8.429,8.671,0.006,both,0.43,['HN'],0.05856399999999957,0.31673336938885654
685,57.0,PHE,HA,4.195,4.341,0.005,both,0.24,['HA'],0.021315999999999974,0.370069444444444
686,57.0,PHE,HB2,3.2960000000000003,3.455,0.019,both,0.213,['HB1'],0.02528099999999994,0.5572307081928175
687,57.0,PHE,HB3,3.2960000000000003,3.453,0.019,both,0.213,['HB2'],0.02464899999999987,0.5433004915250472
688,57.0,PHE,HD1,7.34,7.408,0.019,right_only,0.245,['HD1'],0.004624000000000069,0.07703456892961381
689,57.0,PHE,HD2,7.34,7.408,0.019,right_only,0.245,['HD2'],0.004624000000000069,0.07703456892961381
690,57.0,PHE,HE1,7.303999999999999,7.252,0.009,right_only,0.281,['HE1'],0.0027039999999999586,0.034244753739187166
691,57.0,PHE,HE2,7.303999999999999,7.252,0.009,right_only,0.281,['HE2'],0.0027039999999999586,0.034244753739187166
692,57.0,PHE,HZ,7.15,,,left_only,0.322,['HZ'],,
693,57.0,PHE,N,120.70200000000001,121.604,0.058,both,2.31,['N'],0.8136039999999762,0.15247165532879373
694,58.0,GLU,C,178.227,177.661,0.021,both,1.44,['C'],0.3203560000000028,0.15449266975308779
695,58.0,GLU,CA,58.842,58.795,0.068,both,0.9,['CA'],0.002208999999999722,0.0027271604938268173
696,58.0,GLU,CB,29.304000000000002,29.783,0.124,both,1.0,['CB'],0.22944099999999923,0.22944099999999923
697,58.0,GLU,CG,,36.686,0.08,right_only,,['CG'],,
698,58.0,GLU,H,8.173,8.136,0.008,both,0.43,['HN'],0.0013690000000000598,0.007404002163331855
699,58.0,GLU,HA,3.8760000000000003,3.667,0.007,both,0.24,['HA'],0.04368100000000022,0.7583506944444482
700,58.0,GLU,HB2,2.081,2.023,0.008,both,0.155,['HB1'],0.0033639999999999803,0.1400208116545257
701,58.0,GLU,HB3,2.081,2.136,0.003,both,0.155,['HB2'],0.0030250000000000177,0.12591050988553662
702,58.0,GLU,HG2,2.162,2.01,0.007,both,0.17600000000000002,['HG1'],0.02310400000000004,0.7458677685950424
703,58.0,GLU,HG3,2.162,2.623,0.005,both,0.17600000000000002,['HG2'],0.21252100000000027,6.860827737603313
704,58.0,GLU,N,117.431,116.765,0.045,both,2.31,['N'],0.4435559999999958,0.08312362961713532
705,59.0,LEU,C,178.24599999999998,178.953,0.015,both,1.44,['C'],0.4998490000000312,0.2410537229938422
706,59.0,LEU,CA,56.805,56.973,0.049,both,0.9,['CA'],0.028223999999999753,0.034844444444444136
707,59.0,LEU,CB,42.299,42.976,0.051,both,1.0,['CB'],0.4583289999999995,0.4583289999999995
708,59.0,LEU,CD1,,24.549,0.063,right_only,,['CD1'],,
709,59.0,LEU,CD2,,24.549,0.063,right_only,,['CD2'],,
710,59.0,LEU,CG,,27.377,0.264,right_only,,['CG'],,
711,59.0,LEU,H,7.3660000000000005,7.513,0.008,both,0.43,['HN'],0.02160899999999981,0.11686857760951763
712,59.0,LEU,HA,4.221,4.201,0.009,both,0.24,['HA'],0.00040000000000001845,0.006944444444444765
713,59.0,LEU,HB2,1.719,1.698,0.011,both,0.191,['HB1'],0.00044100000000000546,0.01208848441654575
714,59.0,LEU,HB3,1.719,1.794,0.004,both,0.191,['HB2'],0.005624999999999994,0.15418985225185697
715,59.0,LEU,HD11,0.8029999999999999,0.913,0.008,right_only,0.25,['1HD1'],0.012100000000000022,0.19360000000000036
716,59.0,LEU,HD12,0.8029999999999999,0.913,0.008,right_only,0.25,['2HD1'],0.012100000000000022,0.19360000000000036
717,59.0,LEU,HD13,0.8029999999999999,0.913,0.008,right_only,0.25,['3HD1'],0.012100000000000022,0.19360000000000036
718,59.0,LEU,HD21,0.8029999999999999,0.913,0.008,right_only,0.237,['1HD2'],0.012100000000000022,0.21542131780875612
719,59.0,LEU,HD22,0.8029999999999999,0.913,0.008,right_only,0.237,['2HD2'],0.012100000000000022,0.21542131780875612
720,59.0,LEU,HD23,0.8029999999999999,0.913,0.008,right_only,0.237,['3HD2'],0.012100000000000022,0.21542131780875612
721,59.0,LEU,HG,1.5730000000000002,1.678,0.013,both,0.285,['HG'],0.01102499999999995,0.13573407202216006
722,59.0,LEU,N,119.899,117.344,0.054,both,2.31,['N'],6.528025000000035,1.2233700642791618
723,60.0,ARG,C,177.416,177.342,0.043,both,1.44,['C'],0.00547599999999761,0.0026408179012334158
724,60.0,ARG,CA,58.268,57.901,0.087,both,0.9,['CA'],0.13468899999999803,0.16628271604938027
725,60.0,ARG,CB,30.373,31.153,0.059,both,1.0,['CB'],0.6083999999999963,0.6083999999999963
726,60.0,ARG,CD,,43.379,0.085,right_only,,['CD'],,
727,60.0,ARG,CG,,27.408,0.125,right_only,,['CG'],,
728,60.0,ARG,H,8.014,8.072,0.011,both,0.43,['HN'],0.0033639999999999803,0.01819361817198475
729,60.0,ARG,HA,3.9,3.957,0.003,both,0.24,['HA'],0.003248999999999993,0.05640624999999989
730,60.0,ARG,HB2,1.4780000000000002,1.247,0.013,both,0.20199999999999999,['HB1'],0.05336100000000004,1.3077394373100688
731,60.0,ARG,HB3,1.4780000000000002,1.523,0.011,both,0.20199999999999999,['HB2'],0.0020249999999999734,0.049627487501224726
732,60.0,ARG,HD2,2.9739999999999998,3.018,0.003,both,0.21,['HD1'],0.0019360000000000035,0.0439002267573697
733,60.0,ARG,HD3,2.9739999999999998,3.017,0.002,both,0.21,['HD2'],0.0018490000000000127,0.04192743764172365
734,60.0,ARG,HE,7.087000000000001,,,left_only,,['HE'],,
735,60.0,ARG,HG2,1.2830000000000001,1.154,0.005,both,0.207,['HG1'],0.01664100000000006,0.3883637891199342
736,60.0,ARG,HG3,1.2830000000000001,1.476,0.008,both,0.207,['HG2'],0.037248999999999935,0.8693085019487021
737,60.0,ARG,N,117.955,117.779,0.096,both,2.31,['N'],0.03097600000000068,0.005804988662131647
738,61.0,TYR,C,175.685,175.214,0.02,both,1.44,['C'],0.22184100000000342,0.1069835069444461
739,61.0,TYR,CA,56.266000000000005,56.294,0.027,both,0.9,['CA'],0.0007839999999995289,0.0009679012345673195
740,61.0,TYR,CB,37.376,37.024,0.069,both,1.0,['CB'],0.12390399999999772,0.12390399999999772
741,61.0,TYR,CD1,,133.461,0.032,right_only,,['CD1'],,
742,61.0,TYR,CD2,,133.461,0.032,right_only,,['CD2'],,
743,61.0,TYR,CE1,,117.435,0.058,right_only,,['CE1'],,
744,61.0,TYR,CE2,,117.435,0.058,right_only,,['CE2'],,
745,61.0,TYR,H,8.15,8.05,0.007,both,0.43,['HN'],0.009999999999999929,0.05408328826392607
746,61.0,TYR,HA,4.772,4.744,0.011,both,0.24,['HA'],0.0007840000000000262,0.013611111111111567
747,61.0,TYR,HB2,2.655,2.24,0.007,both,0.23,['HB1'],0.17222499999999966,3.255671077504719
748,61.0,TYR,HB3,2.655,2.793,0.006,both,0.23,['HB2'],0.019044000000000096,0.36000000000000176
749,61.0,TYR,HD1,6.807,6.894,0.007,right_only,0.244,['HD1'],0.007568999999999955,0.1271331631281906
750,61.0,TYR,HD2,6.807,6.894,0.007,right_only,0.244,['HD2'],0.007568999999999955,0.1271331631281906
751,61.0,TYR,HE1,6.749,6.773,0.006,right_only,0.193,['HE1'],0.000576000000000001,0.015463502375902733
752,61.0,TYR,HE2,6.749,6.773,0.006,right_only,0.193,['HE2'],0.000576000000000001,0.015463502375902733
753,61.0,TYR,N,118.49700000000001,119.056,0.055,both,2.31,['N'],0.3124809999999813,0.05855980959876713
754,62.0,ARG,C,177.09900000000002,178.183,0.0,both,1.44,['C'],1.1750559999999453,0.566674382716023
755,62.0,ARG,CA,59.06,59.025,0.184,both,0.9,['CA'],0.0012250000000002587,0.001512345679012665
756,62.0,ARG,CB,29.718000000000004,30.139,0.059,both,1.0,['CB'],0.17724099999999648,0.17724099999999648
757,62.0,ARG,CD,,43.338,0.051,right_only,,['CD'],,
758,62.0,ARG,CG,,27.1,0.082,right_only,,['CG'],,
759,62.0,ARG,H,7.853,7.419,0.006,both,0.43,['HN'],0.18835600000000013,1.0186911844240139
760,62.0,ARG,HA,4.048,4.058,0.006,both,0.24,['HA'],9.999999999999574e-05,0.001736111111111037
761,62.0,ARG,HB2,1.9669999999999999,1.823,0.015,both,0.20199999999999999,['HB1'],0.020735999999999973,0.5081854720125473
762,62.0,ARG,HB3,1.9669999999999999,1.975,0.005,both,0.20199999999999999,['HB2'],6.400000000000367e-05,0.0015684736790511635
763,62.0,ARG,HD2,3.205,3.276,0.005,both,0.21,['HD1'],0.005040999999999961,0.11430839002267487
764,62.0,ARG,HD3,3.205,3.276,0.005,both,0.21,['HD2'],0.005040999999999961,0.11430839002267487
765,62.0,ARG,HE,7.347,,,left_only,,['HE'],,
766,62.0,ARG,HG2,1.635,1.717,0.005,both,0.207,['HG1'],0.006724000000000012,0.15692314873159263
767,62.0,ARG,HG3,1.635,1.717,0.005,both,0.207,['HG2'],0.006724000000000012,0.15692314873159263
768,62.0,ARG,N,120.977,119.956,0.059,both,2.31,['N'],1.0424410000000017,0.19535634639530775
769,63.0,ARG,C,176.976,177.387,0.011,both,1.44,['C'],0.16892100000000113,0.08146267361111166
770,63.0,ARG,CA,57.172,57.73,0.057,both,0.9,['CA'],0.3113639999999998,0.38439999999999974
771,63.0,ARG,CB,30.123,29.179,0.157,both,1.0,['CB'],0.8911360000000049,0.8911360000000049
772,63.0,ARG,CD,,43.097,0.115,right_only,,['CD'],,
773,63.0,ARG,CG,,27.284,0.116,right_only,,['CG'],,
774,63.0,ARG,H,8.399,,,left_only,0.43,['HN'],,
775,63.0,ARG,HA,4.341,4.222,0.003,both,0.24,['HA'],0.014160999999999946,0.24585069444444352
776,63.0,ARG,HB2,1.902,1.817,0.015,both,0.20199999999999999,['HB1'],0.007224999999999994,0.17706597392412496
777,63.0,ARG,HB3,1.902,1.971,0.006,both,0.20199999999999999,['HB2'],0.004761000000000024,0.11667973728065936
778,63.0,ARG,HD2,3.157,3.21,0.009,both,0.21,['HD1'],0.0028089999999999934,0.06369614512471641
779,63.0,ARG,HD3,3.157,3.21,0.009,both,0.21,['HD2'],0.0028089999999999934,0.06369614512471641
780,63.0,ARG,HE,7.79,,,left_only,,['HE'],,
781,63.0,ARG,HG2,1.608,1.643,0.003,both,0.207,['HG1'],0.0012249999999999943,0.02858876519872096
782,63.0,ARG,HG3,1.608,1.643,0.003,both,0.207,['HG2'],0.0012249999999999943,0.02858876519872096
783,63.0,ARG,N,117.041,,,left_only,2.31,['N'],,
784,64.0,ALA,C,179.19299999999998,179.975,0.014,both,1.44,['C'],0.6115240000000167,0.2949093364197612
785,64.0,ALA,CA,54.784,54.579,0.121,both,0.9,['CA'],0.0420249999999993,0.05188271604938185
786,64.0,ALA,CB,18.205,18.636,0.112,both,1.0,['CB'],0.18576100000000081,0.18576100000000081
787,64.0,ALA,H,8.151,7.868,0.008,both,0.43,['HN'],0.0800889999999997,0.43314764737695893
788,64.0,ALA,HA,4.124,4.1,0.004,both,0.24,['HA'],0.000576000000000001,0.010000000000000018
789,64.0,ALA,HB1,1.4340000000000002,1.296,0.005,right_only,0.15,['HB1'],0.019044000000000033,0.8464000000000015
790,64.0,ALA,HB2,1.4340000000000002,1.296,0.005,right_only,0.15,['HB2'],0.019044000000000033,0.8464000000000015
791,64.0,ALA,HB3,1.4340000000000002,1.296,0.005,right_only,0.15,['HB3'],0.019044000000000033,0.8464000000000015
792,64.0,ALA,N,121.71600000000001,122.003,0.061,both,2.31,['N'],0.08236899999999536,0.015436179981633658
793,65.0,PHE,C,177.092,177.376,0.017,both,1.44,['C'],0.08065599999999536,0.038896604938269366
794,65.0,PHE,CA,60.309,58.222,0.09,both,0.9,['CA'],4.355568999999984,5.377245679012326
795,65.0,PHE,CB,38.596,38.877,0.057,both,1.0,['CB'],0.07896100000000332,0.07896100000000332
796,65.0,PHE,CD1,,131.008,0.059,right_only,,['CD1'],,
797,65.0,PHE,CD2,,131.008,0.059,right_only,,['CD2'],,
798,65.0,PHE,H,8.04,8.579,0.007,both,0.43,['HN'],0.2905210000000016,1.5712330989724264
799,65.0,PHE,HA,4.537,4.8,0.014,both,0.24,['HA'],0.06916899999999995,1.2008506944444437
800,65.0,PHE,HB2,3.185,3.152,0.008,both,0.213,['HB1'],0.0010889999999999947,0.024003173973417856
801,65.0,PHE,HB3,3.185,3.382,0.008,both,0.213,['HB2'],0.038809000000000024,0.855407877625692
802,65.0,PHE,HD1,7.343999999999999,7.331,0.012,right_only,0.245,['HD1'],0.00016899999999997432,0.0028154935443560907
803,65.0,PHE,HD2,7.343999999999999,7.331,0.012,right_only,0.245,['HD2'],0.00016899999999997432,0.0028154935443560907
804,65.0,PHE,HE,7.291,,,left_only,0.281,"['HE1', 'HE2']",,
805,65.0,PHE,HZ,7.25,,,left_only,0.322,['HZ'],,
806,65.0,PHE,N,117.486,115.858,0.077,both,2.31,['N'],2.6503840000000003,0.49668934240362816
807,66.0,SER,C,176.476,176.472,0.038,both,1.44,['C'],1.5999999999925423e-05,7.716049382680085e-06
808,66.0,SER,CA,61.653,61.764,0.094,both,0.9,['CA'],0.012321000000000934,0.015211111111112263
809,66.0,SER,CB,62.361999999999995,63.012,0.048,both,1.0,['CB'],0.42250000000000737,0.42250000000000737
810,66.0,SER,H,7.919,8.232,0.025,both,0.43,['HN'],0.09796899999999982,0.5298485667928601
811,66.0,SER,HA,4.1610000000000005,4.223,0.008,both,0.24,['HA'],0.0038439999999999243,0.0667361111111098
812,66.0,SER,HB2,3.935,3.985,0.004,both,0.22399999999999998,['HB1'],0.0024999999999999823,0.04982461734693843
813,66.0,SER,HB3,3.935,3.985,0.004,both,0.22399999999999998,['HB2'],0.0024999999999999823,0.04982461734693843
814,66.0,SER,N,116.07,116.942,0.193,both,2.31,['N'],0.7603839999999998,0.1424980791214557
815,67.0,ASP,C,178.47400000000002,178.404,0.042,both,1.44,['C'],0.004900000000003024,0.0023630401234582487
816,67.0,ASP,CA,56.656000000000006,56.827,0.019,both,0.9,['CA'],0.029240999999997356,0.03609999999999673
817,67.0,ASP,CB,39.898,40.176,0.076,both,1.0,['CB'],0.07728399999999927,0.07728399999999927
818,67.0,ASP,H,8.255,8.476,0.006,both,0.43,['HN'],0.04884100000000004,0.26414818820984337
819,67.0,ASP,HA,4.459,4.487,0.009,both,0.24,['HA'],0.0007840000000000262,0.013611111111111567
820,67.0,ASP,HB2,2.676,2.712,0.003,both,0.165,['HB1'],0.0012960000000000022,0.04760330578512404
821,67.0,ASP,HB3,2.676,2.712,0.002,both,0.165,['HB2'],0.0012960000000000022,0.04760330578512404
822,67.0,ASP,N,121.921,121.623,0.117,both,2.31,['N'],0.08880400000000109,0.016642116901857365
823,68.0,LEU,C,178.451,179.046,0.017,both,1.44,['C'],0.35402499999999865,0.17072964891975245
824,68.0,LEU,CA,57.583,57.972,0.088,both,0.9,['CA'],0.15132100000000226,0.1868160493827188
825,68.0,LEU,CB,41.968,42.555,0.041,both,1.0,['CB'],0.3445689999999955,0.3445689999999955
826,68.0,LEU,CD1,,24.476,0.295,right_only,,['CD1'],,
827,68.0,LEU,CD2,,24.56,0.1,right_only,,['CD2'],,
828,68.0,LEU,CG,,27.036,0.05,right_only,,['CG'],,
829,68.0,LEU,H,7.7589999999999995,7.889,0.016,both,0.43,['HN'],0.016900000000000203,0.09140075716603681
830,68.0,LEU,HA,4.07,4.104,0.005,both,0.24,['HA'],0.001155999999999987,0.020069444444444216
831,68.0,LEU,HB2,1.808,1.461,0.006,both,0.191,['HB1'],0.12040899999999999,3.3005948301855756
832,68.0,LEU,HB3,1.808,1.734,0.005,both,0.191,['HB2'],0.0054760000000000095,0.15010553438776375
833,68.0,LEU,HD11,0.725,0.602,0.011,right_only,0.25,['1HD1'],0.015129,0.242064
834,68.0,LEU,HD12,0.725,0.602,0.011,right_only,0.25,['2HD1'],0.015129,0.242064
835,68.0,LEU,HD13,0.725,0.602,0.011,right_only,0.25,['3HD1'],0.015129,0.242064
836,68.0,LEU,HD21,0.725,0.599,0.014,right_only,0.237,['1HD2'],0.015876,0.2826470116968435
837,68.0,LEU,HD22,0.725,0.599,0.014,right_only,0.237,['2HD2'],0.015876,0.2826470116968435
838,68.0,LEU,HD23,0.725,0.599,0.014,right_only,0.237,['3HD2'],0.015876,0.2826470116968435
839,68.0,LEU,HG,1.3430000000000002,1.576,0.007,both,0.285,['HG'],0.05428899999999994,0.6683779624499839
840,68.0,LEU,N,120.75299999999999,121.2,0.071,both,2.31,['N'],0.19980900000001514,0.03744476302918145
841,69.0,THR,C,176.595,177.457,0.041,both,1.44,['C'],0.7430439999999909,0.35833526234567464
842,69.0,THR,CA,64.749,65.839,0.114,both,0.9,['CA'],1.1881000000000075,1.4667901234567993
843,69.0,THR,CB,68.703,68.442,0.186,both,1.0,['CB'],0.06812100000000516,0.06812100000000516
844,69.0,THR,CG2,,22.687,0.026,right_only,,['CG2'],,
845,69.0,THR,H,8.387,8.493,0.012,both,0.43,['HN'],0.011235999999999973,0.06076798269334762
846,69.0,THR,HA,4.164,4.086,0.028,both,0.24,['HA'],0.006083999999999907,0.10562499999999839
847,69.0,THR,HB,4.2410000000000005,4.313,0.008,both,0.247,['HB'],0.005183999999999881,0.0849710698421525
848,69.0,THR,HG21,1.073,1.154,0.006,right_only,0.146,['1HG2'],0.006560999999999994,0.30779696003002416
849,69.0,THR,HG22,1.073,1.154,0.006,right_only,0.146,['2HG2'],0.006560999999999994,0.30779696003002416
850,69.0,THR,HG23,1.073,1.154,0.006,right_only,0.146,['3HG2'],0.006560999999999994,0.30779696003002416
851,69.0,THR,N,110.90899999999999,110.282,0.084,both,2.31,['N'],0.3931289999999942,0.07367346938775401
852,70.0,SER,C,175.34599999999998,175.607,0.028,both,1.44,['C'],0.06812100000001257,0.032851562500006065
853,70.0,SER,CA,60.393,60.676,0.056,both,0.9,['CA'],0.0800890000000007,0.09887530864197616
854,70.0,SER,CB,63.335,63.301,0.129,both,1.0,['CB'],0.0011559999999999266,0.0011559999999999266
855,70.0,SER,H,7.854,7.754,0.006,both,0.43,['HN'],0.010000000000000106,0.054083288263927026
856,70.0,SER,HA,4.3069999999999995,4.33,0.013,both,0.24,['HA'],0.0005290000000000265,0.009184027777778239
857,70.0,SER,HB2,3.937,4.044,0.002,both,0.22399999999999998,['HB1'],0.011448999999999949,0.22817681760203984
858,70.0,SER,HB3,3.937,4.044,0.002,both,0.22399999999999998,['HB2'],0.011448999999999949,0.22817681760203984
859,70.0,SER,N,116.73200000000001,116.582,0.099,both,2.31,['N'],0.02250000000000597,0.004216562658122218
860,71.0,GLN,C,176.33599999999998,176.338,0.017,both,1.44,['C'],4.0000000000381985e-06,1.9290123456974337e-06
861,71.0,GLN,CA,56.9,57.407,0.075,both,0.9,['CA'],0.25704899999999786,0.31734444444444176
862,71.0,GLN,CB,29.017,29.533,0.121,both,1.0,['CB'],0.2662560000000018,0.2662560000000018
863,71.0,GLN,CD,,179.83,0.038,right_only,,['CD'],,
864,71.0,GLN,CG,,34.131,0.075,right_only,,['CG'],,
865,71.0,GLN,H,7.604,7.754,0.005,both,0.43,['HN'],0.02249999999999984,0.12168739859383365
866,71.0,GLN,HA,4.211,4.108,0.004,both,0.24,['HA'],0.010609000000000134,0.18418402777778012
867,71.0,GLN,HB2,2.07,2.116,0.022,both,0.17600000000000002,['HB1'],0.002116000000000024,0.06831095041322391
868,71.0,GLN,HB3,2.07,2.116,0.022,both,0.17600000000000002,['HB2'],0.002116000000000024,0.06831095041322391
869,71.0,GLN,HE21,,6.768,0.03,right_only,0.254,['1HE2'],,
870,71.0,GLN,HE22,,7.254,0.003,right_only,0.254,['2HE2'],,
871,71.0,GLN,HG2,2.366,2.381,0.006,both,0.193,['HG1'],0.0002249999999999904,0.006040430615586737
872,71.0,GLN,HG3,2.366,2.499,0.008,both,0.193,['HG2'],0.017689000000000003,0.4748852318183039
873,71.0,GLN,N,120.07700000000001,119.129,0.081,both,2.31,['N'],0.8987040000000143,0.1684196323157389
874,71.0,GLN,NE2,,111.429,0.274,right_only,,['NE2'],,
875,72.0,LEU,C,175.993,174.285,0.0,both,1.44,['C'],2.9172639999999945,1.406859567901232
876,72.0,LEU,CA,54.412,55.437,0.097,both,0.9,['CA'],1.050624999999997,1.297067901234564
877,72.0,LEU,CB,42.8,43.888,0.068,both,1.0,['CB'],1.1837440000000021,1.1837440000000021
878,72.0,LEU,CD1,,23.863,0.048,right_only,,['CD1'],,
879,72.0,LEU,CD2,,27.152,0.075,right_only,,['CD2'],,
880,72.0,LEU,CG,,27.118,0.116,right_only,,['CG'],,
881,72.0,LEU,H,7.272,7.577,0.004,both,0.43,['HN'],0.09302499999999983,0.5031097890751749
882,72.0,LEU,HA,4.324,4.312,0.006,both,0.24,['HA'],0.0001439999999999896,0.0024999999999998196
883,72.0,LEU,HB2,1.6019999999999999,1.538,0.008,both,0.191,['HB1'],0.004095999999999979,0.11227762396864063
884,72.0,LEU,HB3,1.6019999999999999,1.957,0.012,both,0.191,['HB2'],0.12602500000000014,3.454537978673834
885,72.0,LEU,HD11,0.843,0.945,0.006,right_only,0.25,['1HD1'],0.010403999999999997,0.16646399999999995
886,72.0,LEU,HD12,0.843,0.945,0.006,right_only,0.25,['2HD1'],0.010403999999999997,0.16646399999999995
887,72.0,LEU,HD13,0.843,0.945,0.006,right_only,0.25,['3HD1'],0.010403999999999997,0.16646399999999995
888,72.0,LEU,HD21,0.843,1.085,0.013,right_only,0.237,['1HD2'],0.058564,1.0426391781943778
889,72.0,LEU,HD22,0.843,1.085,0.013,right_only,0.237,['2HD2'],0.058564,1.0426391781943778
890,72.0,LEU,HD23,0.843,1.085,0.013,right_only,0.237,['3HD2'],0.058564,1.0426391781943778
891,72.0,LEU,HG,1.473,1.642,0.006,both,0.285,['HG'],0.028560999999999937,0.3516281932902424
892,72.0,LEU,N,120.646,118.804,0.067,both,2.31,['N'],3.392963999999995,0.6358509023444079
893,73.0,HIS,C,175.645,174.452,0.0,both,1.44,['C'],1.4232490000000289,0.6863662229938411
894,73.0,HIS,CA,55.523999999999994,54.964,0.022,both,0.9,['CA'],0.3135999999999946,0.3871604938271538
895,73.0,HIS,CB,29.7,28.747,0.049,both,1.0,['CB'],0.9082089999999988,0.9082089999999988
896,73.0,HIS,H,8.526,,,left_only,0.43,['HN'],,
897,73.0,HIS,HA,4.676,4.644,0.006,both,0.24,['HA'],0.001024000000000002,0.017777777777777812
898,73.0,HIS,HB2,3.1639999999999997,3.021,0.005,both,0.21899999999999997,['HB1'],0.02044899999999994,0.4263672567294248
899,73.0,HIS,HB3,3.1639999999999997,3.252,0.006,both,0.21899999999999997,['HB2'],0.007744000000000014,0.16146452325848118
900,73.0,HIS,HD2,7.13,,,left_only,,['HD2'],,
901,73.0,HIS,N,125.21,,,left_only,2.31,['N'],,
902,74.0,ILE,C,175.30900000000003,,,left_only,1.44,['C'],,
903,74.0,ILE,CA,61.251999999999995,61.962,0.057,both,0.9,['CA'],0.5041000000000113,0.6223456790123596
904,74.0,ILE,CB,38.481,38.952,0.12,both,1.0,['CB'],0.22184099999999674,0.22184099999999674
905,74.0,ILE,CD1,,14.402,0.122,right_only,,['CD'],,
906,74.0,ILE,CG1,,28.316,0.082,right_only,,['CG1'],,
907,74.0,ILE,CG2,,17.5,0.162,right_only,,['CG2'],,
908,74.0,ILE,H,8.031,8.767,0.01,both,0.43,['HN'],0.5416959999999984,2.9296700919415817
909,74.0,ILE,HA,4.338,4.207,0.006,both,0.24,['HA'],0.017161000000000058,0.2979340277777788
910,74.0,ILE,HB,1.818,1.792,0.005,both,0.228,['HB'],0.0006760000000000013,0.013004001231148069
911,74.0,ILE,HD11,0.748,0.94,0.008,right_only,0.20800000000000002,['HD1'],0.03686399999999998,0.8520710059171591
912,74.0,ILE,HD12,0.748,0.94,0.008,right_only,0.20800000000000002,['HD2'],0.03686399999999998,0.8520710059171591
913,74.0,ILE,HD13,0.748,0.94,0.008,right_only,0.20800000000000002,['HD3'],0.03686399999999998,0.8520710059171591
914,74.0,ILE,HG12,1.3659999999999999,1.386,0.007,both,0.235,['1HG1'],0.0004000000000000007,0.007243096423721155
915,74.0,ILE,HG13,1.3659999999999999,1.592,0.004,both,0.235,['2HG1'],0.051076000000000094,0.9248709823449542
916,74.0,ILE,HG21,0.943,0.897,0.014,right_only,0.19899999999999998,['1HG2'],0.0021159999999999938,0.05343299411631005
917,74.0,ILE,HG22,0.943,0.897,0.014,right_only,0.19899999999999998,['2HG2'],0.0021159999999999938,0.05343299411631005
918,74.0,ILE,HG23,0.943,0.897,0.014,right_only,0.19899999999999998,['3HG2'],0.0021159999999999938,0.05343299411631005
919,74.0,ILE,N,122.74700000000001,122.47,0.04,both,2.31,['N'],0.07672900000000844,0.014379228275333753
920,75.0,THR,C,173.59900000000002,,,left_only,1.44,['C'],,
921,75.0,THR,CA,58.464,,,left_only,0.9,['CA'],,
922,75.0,THR,CB,69.984,,,left_only,1.0,['CB'],,
923,75.0,THR,CG2,,23.024,0.024,right_only,,['CG2'],,
924,75.0,THR,H,8.017000000000001,7.953,0.005,both,0.43,['HN'],0.004096000000000121,0.02215251487290493
925,75.0,THR,HA,4.794,4.325,0.014,both,0.24,['HA'],0.21996099999999946,3.8187673611111017
926,75.0,THR,HB,4.187,4.342,0.004,both,0.247,['HB'],0.024024999999999803,0.3937943582094413
927,75.0,THR,HG21,1.123,1.524,0.002,right_only,0.146,['1HG2'],0.16080100000000003,7.543676111840873
928,75.0,THR,HG22,1.123,1.524,0.002,right_only,0.146,['2HG2'],0.16080100000000003,7.543676111840873
929,75.0,THR,HG23,1.123,1.524,0.002,right_only,0.146,['3HG2'],0.16080100000000003,7.543676111840873
930,75.0,THR,N,116.427,120.535,0.072,both,2.31,['N'],16.875663999999915,3.1625464290399194
931,76.0,PRO,C,177.68200000000002,,,left_only,1.44,['C'],,
932,76.0,PRO,CA,64.55,,,left_only,0.9,['CA'],,
933,76.0,PRO,CB,31.718000000000004,,,left_only,1.0,['CB'],,
934,76.0,PRO,HA,4.406000000000001,,,left_only,0.24,['HA'],,
935,76.0,PRO,HB2,2.129,,,left_only,0.19699999999999998,['HB1'],,
936,76.0,PRO,HB3,2.129,,,left_only,0.19699999999999998,['HB2'],,
937,76.0,PRO,HD2,3.747,,,left_only,0.25,['HD1'],,
938,76.0,PRO,HD3,3.747,,,left_only,0.25,['HD2'],,
939,76.0,PRO,HG2,2.019,,,left_only,0.207,['HG1'],,
940,76.0,PRO,HG3,2.019,,,left_only,0.207,['HG2'],,
941,77.0,GLY,C,175.007,,,left_only,1.44,['C'],,
942,77.0,GLY,CA,45.033,44.791,0.105,both,0.9,['CA'],0.05856400000000215,0.07230123456790388
943,77.0,GLY,H,8.39,,,left_only,0.43,['HN'],,
944,77.0,GLY,HA2,4.131,3.684,0.008,both,,['HA1'],0.19980900000000007,
945,77.0,GLY,HA3,4.131,4.33,0.012,both,,['HA2'],0.039600999999999935,
946,77.0,GLY,N,107.37200000000001,,,left_only,2.31,['N'],,
947,78.0,THR,C,174.10299999999998,,,left_only,1.44,['C'],,
948,78.0,THR,CA,63.478,,,left_only,0.9,['CA'],,
949,78.0,THR,CB,69.59100000000001,,,left_only,1.0,['CB'],,
950,78.0,THR,H,7.645,8.795,0.012,both,0.43,['HN'],1.322500000000001,7.152514872904278
951,78.0,THR,HA,4.21,4.147,0.006,both,0.24,['HA'],0.003968999999999965,0.06890624999999939
952,78.0,THR,HB,4.33,4.147,0.007,both,0.247,['HB'],0.033488999999999935,0.5489190119490557
953,78.0,THR,HG21,1.261,1.519,0.007,right_only,0.146,['1HG2'],0.066564,3.122724713829987
954,78.0,THR,HG22,1.261,1.519,0.007,right_only,0.146,['2HG2'],0.066564,3.122724713829987
955,78.0,THR,HG23,1.261,1.519,0.007,right_only,0.146,['3HG2'],0.066564,3.122724713829987
956,78.0,THR,N,117.473,130.04,0.033,both,2.31,['N'],157.92948899999982,29.596426041490943
957,79.0,ALA,C,176.696,177.644,0.0,both,1.44,['C'],0.8987040000000143,0.4334027777777847
958,79.0,ALA,CA,50.815,51.117,0.08,both,0.9,['CA'],0.09120399999999976,0.11259753086419723
959,79.0,ALA,CB,21.239,21.518,0.043,both,1.0,['CB'],0.07784099999999995,0.07784099999999995
960,79.0,ALA,H,8.595,,,left_only,0.43,['HN'],,
961,79.0,ALA,HA,4.69,4.827,0.0,both,0.24,['HA'],0.01876899999999988,0.32585069444444237
962,79.0,ALA,HB1,1.413,1.655,0.003,right_only,0.15,['HB1'],0.058564,2.6028444444444445
963,79.0,ALA,HB2,1.413,1.655,0.003,right_only,0.15,['HB2'],0.058564,2.6028444444444445
964,79.0,ALA,HB3,1.413,1.655,0.003,right_only,0.15,['HB3'],0.058564,2.6028444444444445
965,79.0,ALA,N,128.811,,,left_only,2.31,['N'],,
966,80.0,TYR,C,177.395,176.56,0.017,both,1.44,['C'],0.6972250000000133,0.3362389081790188
967,80.0,TYR,CA,61.373000000000005,60.846,0.013,both,0.9,['CA'],0.27772900000000855,0.34287530864198584
968,80.0,TYR,CB,38.093,38.165,0.072,both,1.0,['CB'],0.00518399999999937,0.00518399999999937
969,80.0,TYR,CD1,,132.469,0.011,right_only,,['CD1'],,
970,80.0,TYR,CD2,,132.469,0.011,right_only,,['CD2'],,
971,80.0,TYR,CE1,,118.175,0.029,right_only,,['CE1'],,
972,80.0,TYR,CE2,,118.175,0.029,right_only,,['CE2'],,
973,80.0,TYR,H,8.804,8.858,0.011,both,0.43,['HN'],0.0029160000000000292,0.01577068685776111
974,80.0,TYR,HA,2.945,4.648,0.0,both,0.24,['HA'],2.9002089999999994,50.35085069444443
975,80.0,TYR,HB2,2.7710000000000004,2.506,0.008,both,0.23,['HB1'],0.0702250000000003,1.3275047258979262
976,80.0,TYR,HB3,2.7710000000000004,2.756,0.022,both,0.23,['HB2'],0.00022500000000001704,0.004253308128544745
977,80.0,TYR,HD1,6.62,6.56,0.008,right_only,0.244,['HD1'],0.0036000000000000597,0.06046761623219665
978,80.0,TYR,HD2,6.62,6.56,0.008,right_only,0.244,['HD2'],0.0036000000000000597,0.06046761623219665
979,80.0,TYR,HE1,6.9510000000000005,7.028,0.009,right_only,0.193,['HE1'],0.005928999999999856,0.15917205831028633
980,80.0,TYR,HE2,6.9510000000000005,7.028,0.009,right_only,0.193,['HE2'],0.005928999999999856,0.15917205831028633
981,80.0,TYR,N,120.75,121.374,0.069,both,2.31,['N'],0.38937599999999406,0.07297014673637939
982,81.0,GLN,C,178.095,178.33,0.04,both,1.44,['C'],0.055225000000006415,0.02663242669753396
983,81.0,GLN,CA,58.735,59.911,0.076,both,0.9,['CA'],1.3829760000000046,1.7073777777777834
984,81.0,GLN,CB,27.859,28.016,0.066,both,1.0,['CB'],0.024648999999998894,0.024648999999998894
985,81.0,GLN,CD,,180.786,0.011,right_only,,['CD'],,
986,81.0,GLN,CG,,34.759,0.142,right_only,,['CG'],,
987,81.0,GLN,H,8.421,8.532,0.007,both,0.43,['HN'],0.012321000000000144,0.06663601946998456
988,81.0,GLN,HA,3.87,3.802,0.016,both,0.24,['HA'],0.004624000000000008,0.08027777777777792
989,81.0,GLN,HB2,2.0580000000000003,2.037,0.011,both,0.17600000000000002,['HB1'],0.0004410000000000148,0.014236828512397168
990,81.0,GLN,HB3,2.0580000000000003,2.133,0.005,both,0.17600000000000002,['HB2'],0.00562499999999996,0.1815922004132218
991,81.0,GLN,HE21,,7.004,0.003,right_only,0.254,['1HE2'],,
992,81.0,GLN,HE22,,7.784,0.002,right_only,0.254,['2HE2'],,
993,81.0,GLN,HG2,2.33,2.52,0.005,both,0.193,['HG1'],0.03609999999999998,0.9691535343230684
994,81.0,GLN,HG3,2.33,2.52,0.005,both,0.193,['HG2'],0.03609999999999998,0.9691535343230684
995,81.0,GLN,N,118.307,115.124,0.088,both,2.31,['N'],10.131489000000045,1.8986692528251052
996,81.0,GLN,NE2,,112.661,0.251,right_only,,['NE2'],,
997,82.0,SER,C,176.05,,,left_only,1.44,['C'],,
998,82.0,SER,CA,60.777,62.089,0.0,both,0.9,['CA'],1.7213439999999938,2.1251160493827084
999,82.0,SER,CB,62.992,63.338,0.0,both,1.0,['CB'],0.11971600000000251,0.11971600000000251
1000,82.0,SER,H,7.517,7.356,0.012,both,0.43,['HN'],0.025921000000000152,0.1401892915089246
1001,82.0,SER,HA,4.246,4.253,0.002,both,0.24,['HA'],4.8999999999995424e-05,0.000850694444444365
1002,82.0,SER,HB2,3.865,3.917,0.01,both,0.22399999999999998,['HB1'],0.0027039999999999586,0.05389030612244816
1003,82.0,SER,HB3,3.865,3.915,0.008,both,0.22399999999999998,['HB2'],0.0024999999999999823,0.04982461734693843
1004,82.0,SER,N,114.649,114.423,0.075,both,2.31,['N'],0.05107599999999959,0.009571784636719625
1005,83.0,PHE,C,176.644,175.136,0.001,both,1.44,['C'],2.2740640000000294,1.0966743827160637
1006,83.0,PHE,CA,60.963,61.335,0.036,both,0.9,['CA'],0.13838399999999992,0.17084444444444433
1007,83.0,PHE,CB,39.361999999999995,39.433,0.067,both,1.0,['CB'],0.0050410000000007185,0.0050410000000007185
1008,83.0,PHE,CD1,,132.156,0.031,right_only,,['CD1'],,
1009,83.0,PHE,CD2,,132.156,0.031,right_only,,['CD2'],,
1010,83.0,PHE,H,7.24,,,left_only,0.43,['HN'],,
1011,83.0,PHE,HA,4.163,3.937,0.008,both,0.24,['HA'],0.05107600000000019,0.8867361111111145
1012,83.0,PHE,HB2,2.748,2.471,0.029,both,0.213,['HB1'],0.07672900000000007,1.6912208776918176
1013,83.0,PHE,HB3,2.748,2.671,0.01,both,0.213,['HB2'],0.005929000000000062,0.13068394718861032
1014,83.0,PHE,HD1,7.182,7.005,0.007,right_only,0.245,['HD1'],0.031329000000000176,0.5219325281132892
1015,83.0,PHE,HD2,7.182,7.005,0.007,right_only,0.245,['HD2'],0.031329000000000176,0.5219325281132892
1016,83.0,PHE,HE,7.26,,,left_only,0.281,"['HE1', 'HE2']",,
1017,83.0,PHE,HZ,7.244,,,left_only,0.322,['HZ'],,
1018,83.0,PHE,N,123.53399999999999,,,left_only,2.31,['N'],,
1019,84.0,GLU,C,178.32299999999998,177.012,0.002,both,1.44,['C'],1.718720999999944,0.8288585069444174
1020,84.0,GLU,CA,59.698,59.146,0.048,both,0.9,['CA'],0.3047039999999996,0.3761777777777772
1021,84.0,GLU,CB,29.182,30.46,0.082,both,1.0,['CB'],1.6332840000000057,1.6332840000000057
1022,84.0,GLU,CG,,36.201,0.092,right_only,,['CG'],,
1023,84.0,GLU,H,8.28,8.659,0.003,both,0.43,['HN'],0.14364100000000102,0.7768577609518714
1024,84.0,GLU,HA,3.484,3.331,0.009,both,0.24,['HA'],0.023409000000000006,0.40640625000000014
1025,84.0,GLU,HB2,1.588,1.306,0.008,both,0.155,['HB1'],0.07952400000000001,3.3100520291363167
1026,84.0,GLU,HB3,1.588,1.911,0.008,both,0.155,['HB2'],0.10432899999999996,4.342518210197709
1027,84.0,GLU,HG2,2.167,2.135,0.006,both,0.17600000000000002,['HG1'],0.001024000000000002,0.03305785123966948
1028,84.0,GLU,HG3,2.167,2.232,0.008,both,0.17600000000000002,['HG2'],0.004225000000000051,0.1363959194214892
1029,84.0,GLU,N,118.941,119.917,0.067,both,2.31,['N'],0.9525759999999982,0.17851539513877143
1030,85.0,GLN,C,177.68900000000002,178.571,0.01,both,1.44,['C'],0.7779239999999586,0.3751562499999801
1031,85.0,GLN,CA,58.107,59.103,0.057,both,0.9,['CA'],0.9920160000000044,1.2247111111111166
1032,85.0,GLN,CB,28.568,28.586,0.066,both,1.0,['CB'],0.00032399999999989664,0.00032399999999989664
1033,85.0,GLN,CD,,180.219,0.007,right_only,,['CD'],,
1034,85.0,GLN,CG,,33.892,0.082,right_only,,['CG'],,
1035,85.0,GLN,H,7.4110000000000005,7.592,0.005,both,0.43,['HN'],0.03276099999999969,0.1771822606814478
1036,85.0,GLN,HA,4.002,3.888,0.009,both,0.24,['HA'],0.012995999999999973,0.22562499999999955
1037,85.0,GLN,HB2,2.0140000000000002,2.104,0.019,both,0.17600000000000002,['HB1'],0.008099999999999975,0.26149276859504045
1038,85.0,GLN,HB3,2.0140000000000002,2.131,0.007,both,0.17600000000000002,['HB2'],0.013688999999999894,0.4419227789256163
1039,85.0,GLN,HE21,,6.786,0.019,right_only,0.254,['1HE2'],,
1040,85.0,GLN,HE22,,7.522,0.001,right_only,0.254,['2HE2'],,
1041,85.0,GLN,HG2,2.329,2.401,0.006,both,0.193,['HG1'],0.005183999999999946,0.13917152138312291
1042,85.0,GLN,HG3,2.329,2.48,0.004,both,0.193,['HG2'],0.02280099999999994,0.6121238154044387
1043,85.0,GLN,N,116.514,115.027,0.058,both,2.31,['N'],2.2111689999999844,0.41437922827532925
1044,85.0,GLN,NE2,,111.756,0.309,right_only,,['NE2'],,
1045,86.0,VAL,C,177.488,177.898,0.0,both,1.44,['C'],0.1680999999999972,0.08106674382715914
1046,86.0,VAL,CA,64.53399999999999,66.1,0.068,both,0.9,['CA'],2.452356000000008,3.02760000000001
1047,86.0,VAL,CB,32.351,31.799,0.09,both,1.0,['CB'],0.3047039999999996,0.3047039999999996
1048,86.0,VAL,CG1,,22.115,0.108,right_only,,['CG1'],,
1049,86.0,VAL,CG2,,23.381,0.086,right_only,,['CG2'],,
1050,86.0,VAL,H,7.053999999999999,7.164,0.007,both,0.43,['HN'],0.01210000000000007,0.0654407787993514
1051,86.0,VAL,HA,3.7430000000000003,3.644,0.003,both,0.24,['HA'],0.009801000000000039,0.17015625000000068
1052,86.0,VAL,HB,1.815,1.881,0.005,both,0.212,['HB'],0.0043560000000000074,0.0969206123175509
1053,86.0,VAL,HG11,0.802,0.647,0.015,right_only,0.214,['1HG1'],0.024025000000000008,0.524609136169098
1054,86.0,VAL,HG12,0.802,0.647,0.015,right_only,0.214,['2HG1'],0.024025000000000008,0.524609136169098
1055,86.0,VAL,HG13,0.802,0.647,0.015,right_only,0.214,['3HG1'],0.024025000000000008,0.524609136169098
1056,86.0,VAL,HG21,0.802,0.998,0.014,right_only,0.23600000000000002,['1HG2'],0.03841599999999998,0.6897443263430044
1057,86.0,VAL,HG22,0.802,0.998,0.014,right_only,0.23600000000000002,['2HG2'],0.03841599999999998,0.6897443263430044
1058,86.0,VAL,HG23,0.802,0.998,0.014,right_only,0.23600000000000002,['3HG2'],0.03841599999999998,0.6897443263430044
1059,86.0,VAL,N,118.545,118.481,0.044,both,2.31,['N'],0.004096000000000917,0.0007676018065630172
1060,87.0,VAL,C,177.146,177.853,0.015,both,1.44,['C'],0.4998490000000312,0.2410537229938422
1061,87.0,VAL,CA,63.728,66.394,0.082,both,0.9,['CA'],7.107556000000021,8.774760493827186
1062,87.0,VAL,CB,30.951999999999998,31.044,0.118,both,1.0,['CB'],0.008464000000000424,0.008464000000000424
1063,87.0,VAL,CG1,,22.678,0.048,right_only,,['CG1'],,
1064,87.0,VAL,CG2,,23.088,0.24,right_only,,['CG2'],,
1065,87.0,VAL,H,7.377999999999999,7.98,0.003,both,0.43,['HN'],0.36240400000000145,1.960000000000008
1066,87.0,VAL,HA,3.4730000000000003,3.028,0.006,both,0.24,['HA'],0.19802500000000026,3.437934027777782
1067,87.0,VAL,HB,1.466,1.116,0.007,both,0.212,['HB'],0.1224999999999999,2.7256140975436076
1068,87.0,VAL,HG11,-0.043,-0.023,0.004,right_only,0.214,['1HG1'],0.00039999999999999986,0.008734387282732113
1069,87.0,VAL,HG12,-0.043,-0.023,0.004,right_only,0.214,['2HG1'],0.00039999999999999986,0.008734387282732113
1070,87.0,VAL,HG13,-0.043,-0.023,0.004,right_only,0.214,['3HG1'],0.00039999999999999986,0.008734387282732113
1071,87.0,VAL,HG21,-0.043,0.148,0.008,right_only,0.23600000000000002,['1HG2'],0.036481,0.6550021545532891
1072,87.0,VAL,HG22,-0.043,0.148,0.008,right_only,0.23600000000000002,['2HG2'],0.036481,0.6550021545532891
1073,87.0,VAL,HG23,-0.043,0.148,0.008,right_only,0.23600000000000002,['3HG2'],0.036481,0.6550021545532891
1074,87.0,VAL,N,113.455,119.825,0.105,both,2.31,['N'],40.57690000000006,7.604224058769525
1075,88.0,ASN,C,176.261,178.987,0.067,both,1.44,['C'],7.431075999999995,3.5836593364197507
1076,88.0,ASN,CA,56.326,55.449,0.104,both,0.9,['CA'],0.7691290000000043,0.9495419753086471
1077,88.0,ASN,CB,38.655,37.329,0.059,both,1.0,['CB'],1.7582760000000013,1.7582760000000013
1078,88.0,ASN,CG,,175.975,0.0,right_only,,['CG'],,
1079,88.0,ASN,H,8.011000000000001,8.437,0.004,both,0.43,['HN'],0.1814759999999986,0.9814818820984241
1080,88.0,ASN,HA,4.292,4.283,0.006,both,0.24,['HA'],8.099999999999015e-05,0.001406249999999829
1081,88.0,ASN,HB2,2.7439999999999998,2.657,0.004,both,0.185,['HB1'],0.007568999999999955,0.22115412710007173
1082,88.0,ASN,HB3,2.7439999999999998,2.976,0.01,both,0.185,['HB2'],0.053824000000000094,1.572651570489411
1083,88.0,ASN,HD21,7.205,6.733,0.008,both,0.301,['1HD2'],0.2227840000000004,2.4589574066511455
1084,88.0,ASN,HD22,7.205,7.489,0.004,both,0.301,['2HD2'],0.0806559999999999,0.8902329996357645
1085,88.0,ASN,N,119.84100000000001,117.625,0.099,both,2.31,['N'],4.910656000000036,0.9202706096212657
1086,88.0,ASN,ND2,,109.108,0.065,right_only,,['ND2'],,
1087,89.0,GLU,C,177.438,179.305,0.024,both,1.44,['C'],3.4856890000000695,1.6809842785494162
1088,89.0,GLU,CA,58.871,59.016,0.119,both,0.9,['CA'],0.021024999999998847,0.025956790123455364
1089,89.0,GLU,CB,29.069000000000003,29.12,0.152,both,1.0,['CB'],0.0026009999999998348,0.0026009999999998348
1090,89.0,GLU,CG,,35.799,0.07,right_only,,['CG'],,
1091,89.0,GLU,H,7.8260000000000005,7.377,0.006,both,0.43,['HN'],0.20160100000000067,1.0903244997295873
1092,89.0,GLU,HA,4.106,4.001,0.005,both,0.24,['HA'],0.011024999999999903,0.1914062499999983
1093,89.0,GLU,HB2,1.989,2.062,0.013,both,0.155,['HB1'],0.0053289999999999605,0.22181061394380688
1094,89.0,GLU,HB3,1.989,2.083,0.012,both,0.155,['HB2'],0.008836000000000016,0.3677835587929247
1095,89.0,GLU,HG2,2.246,2.292,0.009,both,0.17600000000000002,['HG1'],0.0021159999999999833,0.06831095041322259
1096,89.0,GLU,HG3,2.246,2.306,0.01,both,0.17600000000000002,['HG2'],0.0036000000000000064,0.11621900826446299
1097,89.0,GLU,N,118.406,118.94,0.104,both,2.31,['N'],0.28515599999999125,0.05343902850396193
1098,90.0,LEU,C,175.39,178.249,0.032,both,1.44,['C'],8.173881000000051,3.9418793402778025
1099,90.0,LEU,CA,54.731,57.491,0.04,both,0.9,['CA'],7.617599999999989,9.40444444444443
1100,90.0,LEU,CB,40.849000000000004,41.502,0.108,both,1.0,['CB'],0.4264089999999983,0.4264089999999983
1101,90.0,LEU,CD1,,23.928,0.126,right_only,,['CD1'],,
1102,90.0,LEU,CD2,,24.31,0.049,right_only,,['CD2'],,
1103,90.0,LEU,CG,,27.001,0.048,right_only,,['CG'],,
1104,90.0,LEU,H,7.126,7.608,0.007,both,0.43,['HN'],0.23232399999999934,1.2564845862628413
1105,90.0,LEU,HA,4.356,3.821,0.01,both,0.24,['HA'],0.2862249999999997,4.969184027777772
1106,90.0,LEU,HB2,1.729,1.101,0.009,both,0.191,['HB1'],0.3943840000000001,10.810668567199368
1107,90.0,LEU,HB3,1.729,1.181,0.026,both,0.191,['HB2'],0.30030400000000007,8.231791891669639
1108,90.0,LEU,HD11,0.78,0.435,0.009,right_only,0.25,['1HD1'],0.11902500000000002,1.9044000000000003
1109,90.0,LEU,HD12,0.78,0.435,0.009,right_only,0.25,['2HD1'],0.11902500000000002,1.9044000000000003
1110,90.0,LEU,HD13,0.78,0.435,0.009,right_only,0.25,['3HD1'],0.11902500000000002,1.9044000000000003
1111,90.0,LEU,HD21,0.78,0.484,0.011,right_only,0.237,['1HD2'],0.08761600000000003,1.5598639819117313
1112,90.0,LEU,HD22,0.78,0.484,0.011,right_only,0.237,['2HD2'],0.08761600000000003,1.5598639819117313
1113,90.0,LEU,HD23,0.78,0.484,0.011,right_only,0.237,['3HD2'],0.08761600000000003,1.5598639819117313
1114,90.0,LEU,HG,1.4869999999999999,0.975,0.008,both,0.285,['HG'],0.2621439999999999,3.227380732533086
1115,90.0,LEU,N,116.529,120.797,0.068,both,2.31,['N'],18.215824000000005,3.4136961451247174
1116,91.0,PHE,C,176.294,176.475,0.026,both,1.44,['C'],0.032760999999993906,0.01579909336419459
1117,91.0,PHE,CA,59.251000000000005,57.504,0.048,both,0.9,['CA'],3.0520090000000244,3.767912345679042
1118,91.0,PHE,CB,42.071000000000005,39.47,0.055,both,1.0,['CB'],6.765201000000032,6.765201000000032
1119,91.0,PHE,CD1,,132.183,0.072,right_only,,['CD1'],,
1120,91.0,PHE,CD2,,132.183,0.072,right_only,,['CD2'],,
1121,91.0,PHE,CE1,,129.941,0.0,right_only,,['CE1'],,
1122,91.0,PHE,CE2,,129.941,0.0,right_only,,['CE2'],,
1123,91.0,PHE,H,7.696000000000001,7.024,0.005,both,0.43,['HN'],0.4515840000000008,2.442314764737701
1124,91.0,PHE,HA,4.279,4.532,0.012,both,0.24,['HA'],0.06400900000000005,1.1112673611111121
1125,91.0,PHE,HB2,2.888,2.409,0.011,both,0.213,['HB1'],0.2294410000000001,5.057219687451786
1126,91.0,PHE,HB3,2.888,3.28,0.009,both,0.213,['HB2'],0.1536639999999999,3.3869823006898963
1127,91.0,PHE,HD1,7.035,7.149,0.008,right_only,0.245,['HD1'],0.012995999999999973,0.21650978758850437
1128,91.0,PHE,HD2,7.035,7.149,0.008,right_only,0.245,['HD2'],0.012995999999999973,0.21650978758850437
1129,91.0,PHE,HE1,7.172000000000001,6.696,0.005,right_only,0.281,['HE1'],0.22657600000000083,2.869467205329223
1130,91.0,PHE,HE2,7.172000000000001,6.696,0.005,right_only,0.281,['HE2'],0.22657600000000083,2.869467205329223
1131,91.0,PHE,HZ,7.207999999999999,,,left_only,0.322,['HZ'],,
1132,91.0,PHE,N,118.241,113.366,0.059,both,2.31,['N'],23.765625,4.453744307640411
1133,92.0,ARG,C,176.75400000000002,177.152,0.025,both,1.44,['C'],0.1584039999999743,0.07639081790122217
1134,92.0,ARG,CA,58.788000000000004,59.743,0.092,both,0.9,['CA'],0.9120249999999968,1.1259567901234526
1135,92.0,ARG,CB,29.805999999999997,30.171,0.061,both,1.0,['CB'],0.13322500000000145,0.13322500000000145
1136,92.0,ARG,CD,,43.211,0.016,right_only,,['CD'],,
1137,92.0,ARG,CG,,26.369,0.058,right_only,,['CG'],,
1138,92.0,ARG,H,8.845,7.237,0.003,both,0.43,['HN'],2.5856640000000017,13.984121146565721
1139,92.0,ARG,HA,3.88,3.965,0.007,both,0.24,['HA'],0.007224999999999994,0.12543402777777768
1140,92.0,ARG,HB2,1.902,1.742,0.007,both,0.20199999999999999,['HB1'],0.025599999999999973,0.6273894716204288
1141,92.0,ARG,HB3,1.902,1.974,0.013,both,0.20199999999999999,['HB2'],0.005184000000000009,0.12704636800313718
1142,92.0,ARG,HD2,3.135,3.204,0.004,both,0.21,['HD1'],0.004761000000000054,0.10795918367347064
1143,92.0,ARG,HD3,3.135,3.204,0.004,both,0.21,['HD2'],0.004761000000000054,0.10795918367347064
1144,92.0,ARG,HE,7.235,,,left_only,,['HE'],,
1145,92.0,ARG,HG2,1.589,1.619,0.013,both,0.207,['HG1'],0.0009000000000000016,0.021003990758244103
1146,92.0,ARG,HG3,1.589,1.619,0.013,both,0.207,['HG2'],0.0009000000000000016,0.021003990758244103
1147,92.0,ARG,N,119.331,123.994,0.046,both,2.31,['N'],21.74356899999997,4.074805382207973
1148,93.0,ASP,C,176.166,175.589,0.022,both,1.44,['C'],0.3329289999999979,0.16055603780864097
1149,93.0,ASP,CA,53.476000000000006,54.068,0.015,both,0.9,['CA'],0.3504639999999901,0.4326716049382594
1150,93.0,ASP,CB,40.213,40.755,0.034,both,1.0,['CB'],0.29376400000000175,0.29376400000000175
1151,93.0,ASP,H,8.196,8.711,0.003,both,0.43,['HN'],0.2652250000000006,1.4344240129799926
1152,93.0,ASP,HA,4.5760000000000005,4.823,0.004,both,0.24,['HA'],0.061008999999999945,1.0591840277777769
1153,93.0,ASP,HB2,2.7039999999999997,2.483,0.01,both,0.165,['HB1'],0.04884099999999984,1.7939761248852097
1154,93.0,ASP,HB3,2.7039999999999997,2.845,0.005,both,0.165,['HB2'],0.019881000000000128,0.7302479338843021
1155,93.0,ASP,N,116.598,116.866,0.049,both,2.31,['N'],0.07182400000000036,0.013460017615861838
1156,94.0,GLY,C,173.266,172.635,0.026,both,1.44,['C'],0.39816100000000026,0.19201437114197545
1157,94.0,GLY,CA,45.086999999999996,43.818,0.045,both,0.9,['CA'],1.6103609999999957,1.9880999999999946
1158,94.0,GLY,H,7.527,7.582,0.005,both,0.43,['HN'],0.0030249999999999687,0.016360194699837582
1159,94.0,GLY,HA2,3.915,3.68,0.003,both,,['HA1'],0.05522499999999994,
1160,94.0,GLY,HA3,3.915,4.484,0.029,both,,['HA2'],0.32376099999999997,
1161,94.0,GLY,N,108.64200000000001,108.978,0.088,both,2.31,['N'],0.11289599999998946,0.021157024793386454
1162,95.0,VAL,C,174.27900000000002,174.452,0.013,both,1.44,['C'],0.029928999999990796,0.014433352623452352
1163,95.0,VAL,CA,59.963,62.875,0.074,both,0.9,['CA'],8.479743999999995,10.468819753086413
1164,95.0,VAL,CB,34.161,32.148,0.103,both,1.0,['CB'],4.052168999999992,4.052168999999992
1165,95.0,VAL,CG1,,22.972,0.114,right_only,,['CG1'],,
1166,95.0,VAL,CG2,,21.1,0.106,right_only,,['CG2'],,
1167,95.0,VAL,H,7.648,8.293,0.003,both,0.43,['HN'],0.4160249999999994,2.249999999999997
1168,95.0,VAL,HA,4.187,3.545,0.008,both,0.24,['HA'],0.4121640000000005,7.155625000000009
1169,95.0,VAL,HB,1.631,0.339,0.019,both,0.212,['HB'],1.669264,37.14097543609826
1170,95.0,VAL,HG11,0.425,-0.657,0.004,right_only,0.214,['1HG1'],1.170724,25.56389204297319
1171,95.0,VAL,HG12,0.425,-0.657,0.004,right_only,0.214,['2HG1'],1.170724,25.56389204297319
1172,95.0,VAL,HG13,0.425,-0.657,0.004,right_only,0.214,['3HG1'],1.170724,25.56389204297319
1173,95.0,VAL,HG21,0.425,0.363,0.012,right_only,0.23600000000000002,['1HG2'],0.0038439999999999998,0.06901752370008617
1174,95.0,VAL,HG22,0.425,0.363,0.012,right_only,0.23600000000000002,['2HG2'],0.0038439999999999998,0.06901752370008617
1175,95.0,VAL,HG23,0.425,0.363,0.012,right_only,0.23600000000000002,['3HG2'],0.0038439999999999998,0.06901752370008617
1176,95.0,VAL,N,117.551,120.777,0.063,both,2.31,['N'],10.407075999999995,1.9503150240812568
1177,96.0,ASN,C,174.91400000000002,175.243,0.014,both,1.44,['C'],0.10824099999998639,0.05219955632715393
1178,96.0,ASN,CA,51.951,51.784,0.08,both,0.9,['CA'],0.02788900000000053,0.03443086419753152
1179,96.0,ASN,CB,40.86,39.849,0.051,both,1.0,['CB'],1.0221210000000056,1.0221210000000056
1180,96.0,ASN,H,7.557,6.401,0.005,both,0.43,['HN'],1.3363360000000013,7.227344510546249
1181,96.0,ASN,HA,4.229,4.07,0.006,both,0.24,['HA'],0.02528099999999994,0.43890624999999894
1182,96.0,ASN,HB2,2.833,3.033,0.014,both,0.185,['HB1'],0.0399999999999999,1.168736303871436
1183,96.0,ASN,HB3,2.833,3.288,0.009,both,0.185,['HB2'],0.20702499999999965,6.048940832724607
1184,96.0,ASN,HD21,7.194,6.506,0.004,both,0.301,['1HD2'],0.4733439999999996,5.224489795918363
1185,96.0,ASN,HD22,7.194,7.654,0.005,both,0.301,['2HD2'],0.21159999999999995,2.3355150605401707
1186,96.0,ASN,N,119.564,116.198,0.07,both,2.31,['N'],11.329955999999997,2.1232653061224487
1187,96.0,ASN,ND2,,113.195,0.049,right_only,,['ND2'],,
1188,97.0,TRP,C,178.19299999999998,178.207,0.037,both,1.44,['C'],0.00019600000000028012,9.45216049384067e-05
1189,97.0,TRP,CA,60.188,61.083,0.073,both,0.9,['CA'],0.8010249999999929,0.9889197530864109
1190,97.0,TRP,CB,30.342,30.676,0.22,both,1.0,['CB'],0.11155599999999975,0.11155599999999975
1191,97.0,TRP,CD1,,128.471,0.061,right_only,,['CD1'],,
1192,97.0,TRP,CE3,,117.293,0.042,right_only,,['CE3'],,
1193,97.0,TRP,CH2,,124.91,0.04,right_only,,['CH2'],,
1194,97.0,TRP,CZ2,,115.057,0.046,right_only,,['CZ2'],,
1195,97.0,TRP,H,8.94,8.53,0.009,both,0.43,['HN'],0.1681000000000001,0.9091400757166043
1196,97.0,TRP,HA,4.561,4.588,0.012,both,0.24,['HA'],0.0007290000000000073,0.012656250000000127
1197,97.0,TRP,HB2,3.551,3.532,0.014,both,0.235,['HB1'],0.00036100000000000487,0.006536894522408418
1198,97.0,TRP,HB3,3.551,3.656,0.014,both,0.235,['HB2'],0.011024999999999997,0.1996378451788139
1199,97.0,TRP,HD1,7.593,7.691,0.005,both,0.271,['HD1'],0.009603999999999974,0.13077163981971887
1200,97.0,TRP,HE1,10.35,10.281,0.003,both,0.545,['HE1'],0.00476099999999987,0.01602895379176793
1201,97.0,TRP,HE3,7.683,6.806,0.005,both,0.365,['HE3'],0.7691289999999996,5.77315819103021
1202,97.0,TRP,HH2,6.807,6.238,0.011,both,0.285,['HH2'],0.32376099999999997,3.9859772237611573
1203,97.0,TRP,HZ2,7.41,7.174,0.007,both,0.289,['HZ2'],0.05569599999999989,0.6668502532297255
1204,97.0,TRP,HZ3,6.85,,,left_only,0.314,['HZ3'],,
1205,97.0,TRP,N,119.74600000000001,118.776,0.106,both,2.31,['N'],0.9409000000000254,0.17632728022338887
1206,97.0,TRP,NE1,,128.743,0.046,right_only,,['NE1'],,
1207,98.0,GLY,C,175.88400000000001,177.485,0.06,both,1.44,['C'],2.563200999999997,1.2361115933641962
1208,98.0,GLY,CA,47.06100000000001,47.505,0.095,both,0.9,['CA'],0.197135999999996,0.24337777777777284
1209,98.0,GLY,H,8.857000000000001,8.634,0.009,both,0.43,['HN'],0.049729000000000335,0.26895078420768165
1210,98.0,GLY,HA2,4.138,4.013,0.034,both,,['HA1'],0.015625,
1211,98.0,GLY,HA3,4.138,4.014,0.032,both,,['HA2'],0.015375999999999918,
1212,98.0,GLY,N,107.12100000000001,106.573,0.061,both,2.31,['N'],0.30030400000001756,0.056277805888198786
1213,99.0,ARG,C,178.15599999999998,177.693,0.015,both,1.44,['C'],0.214368999999968,0.10338011188270062
1214,99.0,ARG,CA,59.016999999999996,58.487,0.038,both,0.9,['CA'],0.28089999999999365,0.3467901234567823
1215,99.0,ARG,CB,30.226,31.363,0.086,both,1.0,['CB'],1.292769000000001,1.292769000000001
1216,99.0,ARG,CD,,43.83,0.087,right_only,,['CD'],,
1217,99.0,ARG,CG,,28.666,0.044,right_only,,['CG'],,
1218,99.0,ARG,H,7.997999999999999,8.214,0.008,both,0.43,['HN'],0.04665600000000047,0.2523309897241778
1219,99.0,ARG,HA,4.232,3.999,0.008,both,0.24,['HA'],0.054289000000000046,0.942517361111112
1220,99.0,ARG,HB2,1.88,1.46,0.006,both,0.20199999999999999,['HB1'],0.17639999999999995,4.323105577884521
1221,99.0,ARG,HB3,1.88,1.543,0.016,both,0.20199999999999999,['HB2'],0.11356899999999998,2.7832810508773647
1222,99.0,ARG,HD2,3.07,2.961,0.01,both,0.21,['HD1'],0.011880999999999997,0.26941043083900224
1223,99.0,ARG,HD3,3.07,2.961,0.01,both,0.21,['HD2'],0.011880999999999997,0.26941043083900224
1224,99.0,ARG,HE,7.261,,,left_only,,['HE'],,
1225,99.0,ARG,HG2,1.64,1.518,0.024,both,0.207,['HG1'],0.014883999999999972,0.3473593316063379
1226,99.0,ARG,HG3,1.64,1.79,0.011,both,0.207,['HG2'],0.02250000000000004,0.5250997689561027
1227,99.0,ARG,N,121.31700000000001,121.627,0.124,both,2.31,['N'],0.0960999999999926,0.01800940761979584
1228,100.0,ILE,C,177.517,178.143,0.062,both,1.44,['C'],0.391876000000006,0.18898341049383005
1229,100.0,ILE,CA,64.903,67.148,0.105,both,0.9,['CA'],5.0400249999999565,6.222253086419699
1230,100.0,ILE,CB,37.647,37.099,0.096,both,1.0,['CB'],0.300304000000002,0.300304000000002
1231,100.0,ILE,CD1,,14.253,0.095,right_only,,['CD'],,
1232,100.0,ILE,CG1,,30.775,0.065,right_only,,['CG1'],,
1233,100.0,ILE,CG2,,17.785,0.072,right_only,,['CG2'],,
1234,100.0,ILE,H,7.984,7.81,0.006,both,0.43,['HN'],0.030276000000000133,0.16374256354786446
1235,100.0,ILE,HA,3.946,3.986,0.012,both,0.24,['HA'],0.001600000000000003,0.02777777777777783
1236,100.0,ILE,HB,2.113,2.458,0.009,both,0.228,['HB'],0.11902500000000013,2.2896468144044344
1237,100.0,ILE,HD11,0.45399999999999996,0.314,0.004,right_only,0.20800000000000002,['HD1'],0.01959999999999999,0.45303254437869783
1238,100.0,ILE,HD12,0.45399999999999996,0.314,0.004,right_only,0.20800000000000002,['HD2'],0.01959999999999999,0.45303254437869783
1239,100.0,ILE,HD13,0.45399999999999996,0.314,0.004,right_only,0.20800000000000002,['HD3'],0.01959999999999999,0.45303254437869783
1240,100.0,ILE,HG12,1.22,0.791,0.006,both,0.235,['1HG1'],0.18404099999999995,3.3325667722951557
1241,100.0,ILE,HG13,1.22,1.737,0.006,both,0.235,['2HG1'],0.2672890000000001,4.8400000000000025
1242,100.0,ILE,HG21,1.136,1.298,0.005,right_only,0.19899999999999998,['1HG2'],0.026244000000000045,0.6627105376126878
1243,100.0,ILE,HG22,1.136,1.298,0.005,right_only,0.19899999999999998,['2HG2'],0.026244000000000045,0.6627105376126878
1244,100.0,ILE,HG23,1.136,1.298,0.005,right_only,0.19899999999999998,['3HG2'],0.026244000000000045,0.6627105376126878
1245,100.0,ILE,N,120.281,121.379,0.069,both,2.31,['N'],1.2056039999999977,0.2259335469725076
1246,101.0,VAL,C,176.737,177.752,0.037,both,1.44,['C'],1.03022500000003,0.4968291859568046
1247,101.0,VAL,CA,66.785,68.165,0.041,both,0.9,['CA'],1.9044000000000267,2.351111111111144
1248,101.0,VAL,CB,31.255,31.423,0.041,both,1.0,['CB'],0.028223999999999753,0.028223999999999753
1249,101.0,VAL,CG1,,21.412,0.054,right_only,,['CG1'],,
1250,101.0,VAL,CG2,,23.771,0.038,right_only,,['CG2'],,
1251,101.0,VAL,H,8.452,8.378,0.009,both,0.43,['HN'],0.0054759999999999765,0.029616008653325997
1252,101.0,VAL,HA,3.58,3.458,0.007,both,0.24,['HA'],0.014883999999999972,0.2584027777777773
1253,101.0,VAL,HB,2.01,2.317,0.007,both,0.212,['HB'],0.09424900000000024,2.0970318618725576
1254,101.0,VAL,HG11,0.912,0.833,0.015,right_only,0.214,['1HG1'],0.006241000000000011,0.1362782775788281
1255,101.0,VAL,HG12,0.912,0.833,0.015,right_only,0.214,['2HG1'],0.006241000000000011,0.1362782775788281
1256,101.0,VAL,HG13,0.912,0.833,0.015,right_only,0.214,['3HG1'],0.006241000000000011,0.1362782775788281
1257,101.0,VAL,HG21,0.912,1.124,0.007,right_only,0.23600000000000002,['1HG2'],0.04494400000000003,0.8069520252800924
1258,101.0,VAL,HG22,0.912,1.124,0.007,right_only,0.23600000000000002,['2HG2'],0.04494400000000003,0.8069520252800924
1259,101.0,VAL,HG23,0.912,1.124,0.007,right_only,0.23600000000000002,['3HG2'],0.04494400000000003,0.8069520252800924
1260,101.0,VAL,N,119.6,121.444,0.074,both,2.31,['N'],3.4003360000000304,0.6372324356739998
1261,102.0,ALA,C,178.792,178.223,0.007,both,1.44,['C'],0.3237609999999868,0.15613474151233933
1262,102.0,ALA,CA,55.523,55.256,0.078,both,0.9,['CA'],0.07128900000000161,0.0880111111111131
1263,102.0,ALA,CB,18.032,18.631,0.104,both,1.0,['CB'],0.35880100000000026,0.35880100000000026
1264,102.0,ALA,H,8.344,7.693,0.006,both,0.43,['HN'],0.42380099999999976,2.292055164954028
1265,102.0,ALA,HA,3.716,3.174,0.006,both,0.24,['HA'],0.2937640000000003,5.10006944444445
1266,102.0,ALA,HB1,1.47,1.221,0.006,right_only,0.15,['HB1'],0.062000999999999945,2.7555999999999976
1267,102.0,ALA,HB2,1.47,1.221,0.006,right_only,0.15,['HB2'],0.062000999999999945,2.7555999999999976
1268,102.0,ALA,HB3,1.47,1.221,0.006,right_only,0.15,['HB3'],0.062000999999999945,2.7555999999999976
1269,102.0,ALA,N,122.624,121.864,0.1,both,2.31,['N'],0.5775999999999861,0.10824384850358616
1270,103.0,PHE,C,176.87599999999998,176.264,0.071,both,1.44,['C'],0.3745439999999588,0.18062499999998013
1271,103.0,PHE,CA,61.041000000000004,60.811,0.22,both,0.9,['CA'],0.05290000000000183,0.06530864197531089
1272,103.0,PHE,CB,38.618,38.585,0.092,both,1.0,['CB'],0.0010890000000000825,0.0010890000000000825
1273,103.0,PHE,CD1,,132.261,0.085,right_only,,['CD1'],,
1274,103.0,PHE,CD2,,132.261,0.085,right_only,,['CD2'],,
1275,103.0,PHE,H,8.058,8.096,0.006,both,0.43,['HN'],0.0014440000000000195,0.007809626825311085
1276,103.0,PHE,HA,4.2330000000000005,3.986,0.013,both,0.24,['HA'],0.06100900000000016,1.0591840277777806
1277,103.0,PHE,HB2,3.1919999999999997,3.202,0.009,both,0.213,['HB1'],0.00010000000000000461,0.0022041482069255353
1278,103.0,PHE,HB3,3.1919999999999997,3.844,0.011,both,0.213,['HB2'],0.42510400000000015,9.369922193568298
1279,103.0,PHE,HD1,7.202000000000001,7.022,0.007,right_only,0.245,['HD1'],0.03240000000000022,0.5397750937109574
1280,103.0,PHE,HD2,7.202000000000001,7.022,0.007,right_only,0.245,['HD2'],0.03240000000000022,0.5397750937109574
1281,103.0,PHE,HE,7.16,,,left_only,0.281,"['HE1', 'HE2']",,
1282,103.0,PHE,HZ,7.332000000000001,,,left_only,0.322,['HZ'],,
1283,103.0,PHE,N,119.428,119.56,0.068,both,2.31,['N'],0.01742400000000132,0.003265306122449227
1284,104.0,PHE,C,177.65,177.604,0.0,both,1.44,['C'],0.0021159999999992886,0.0010204475308638545
1285,104.0,PHE,CA,62.768,62.995,0.055,both,0.9,['CA'],0.05152899999999853,0.06361604938271423
1286,104.0,PHE,CB,38.769,36.626,0.082,both,1.0,['CB'],4.592449000000003,4.592449000000003
1287,104.0,PHE,CD1,,131.612,0.094,right_only,,['CD1'],,
1288,104.0,PHE,CD2,,131.612,0.094,right_only,,['CD2'],,
1289,104.0,PHE,H,8.592,8.087,0.006,both,0.43,['HN'],0.2550250000000008,1.3792590589507885
1290,104.0,PHE,HA,3.597,3.347,0.005,both,0.24,['HA'],0.0625,1.0850694444444444
1291,104.0,PHE,HB2,2.54,1.234,0.011,both,0.213,['HB1'],1.7056360000000002,37.594745310674696
1292,104.0,PHE,HB3,2.54,2.582,0.01,both,0.213,['HB2'],0.0017639999999999845,0.038881174370164306
1293,104.0,PHE,HD1,6.785,7.159,0.016,right_only,0.245,['HD1'],0.13987599999999975,2.330295710120779
1294,104.0,PHE,HD2,6.785,7.159,0.016,right_only,0.245,['HD2'],0.13987599999999975,2.330295710120779
1295,104.0,PHE,HE,7.266,,,left_only,0.281,"['HE1', 'HE2']",,
1296,104.0,PHE,HZ,7.187,,,left_only,0.322,['HZ'],,
1297,104.0,PHE,N,118.223,120.694,0.072,both,2.31,['N'],6.105841000000018,1.144251606978883
1298,105.0,SER,C,176.389,177.605,0.014,both,1.44,['C'],1.4786559999999507,0.7130864197530626
1299,105.0,SER,CA,61.986000000000004,63.767,0.04,both,0.9,['CA'],3.1719609999999956,3.9160012345678954
1300,105.0,SER,CB,62.615,63.409,0.002,both,1.0,['CB'],0.6304359999999951,0.6304359999999951
1301,105.0,SER,H,8.436,8.514,0.003,both,0.43,['HN'],0.006083999999999907,0.03290427257977235
1302,105.0,SER,HA,4.288,4.444,0.018,both,0.24,['HA'],0.024335999999999906,0.4224999999999984
1303,105.0,SER,HB2,3.758,4.045,0.018,both,0.22399999999999998,['HB1'],0.08236899999999996,1.6416015624999993
1304,105.0,SER,HB3,3.758,4.044,0.018,both,0.22399999999999998,['HB2'],0.08179599999999976,1.6301817602040771
1305,105.0,SER,N,115.18700000000001,114.775,0.072,both,2.31,['N'],0.16974400000000506,0.031810498304005744
1306,106.0,PHE,C,176.75799999999998,176.639,0.034,both,1.44,['C'],0.01416099999999318,0.006829185956786835
1307,106.0,PHE,CA,60.343999999999994,60.185,0.12,both,0.9,['CA'],0.025280999999997396,0.031211111111107893
1308,106.0,PHE,CB,38.664,38.639,0.09,both,1.0,['CB'],0.000624999999999929,0.000624999999999929
1309,106.0,PHE,CD1,,130.624,0.032,right_only,,['CD1'],,
1310,106.0,PHE,CD2,,130.624,0.032,right_only,,['CD2'],,
1311,106.0,PHE,CE1,,130.614,0.032,right_only,,['CE1'],,
1312,106.0,PHE,CE2,,130.614,0.032,right_only,,['CE2'],,
1313,106.0,PHE,H,8.755,9.146,0.004,both,0.43,['HN'],0.15288100000000002,0.8268307193077341
1314,106.0,PHE,HA,4.324,4.071,0.005,both,0.24,['HA'],0.06400900000000005,1.1112673611111121
1315,106.0,PHE,HB2,3.1489999999999996,2.805,0.006,both,0.213,['HB1'],0.1183359999999996,2.6083008221472723
1316,106.0,PHE,HB3,3.1489999999999996,3.03,0.008,both,0.213,['HB2'],0.014160999999999946,0.31212942758270945
1317,106.0,PHE,HD1,7.135,6.786,0.012,right_only,0.245,['HD1'],0.12180100000000015,2.0291711786755546
1318,106.0,PHE,HD2,7.135,6.786,0.012,right_only,0.245,['HD2'],0.12180100000000015,2.0291711786755546
1319,106.0,PHE,HE1,7.0,6.999,0.023,right_only,0.281,['HE1'],1.0000000000006678e-06,1.266447993314e-05
1320,106.0,PHE,HE2,7.0,6.999,0.023,right_only,0.281,['HE2'],1.0000000000006678e-06,1.266447993314e-05
1321,106.0,PHE,HZ,7.109,,,left_only,0.322,['HZ'],,
1322,106.0,PHE,N,123.001,124.632,0.052,both,2.31,['N'],2.660161000000001,0.4985215794306705
1323,107.0,GLY,C,176.169,176.647,0.0,both,1.44,['C'],0.2284839999999811,0.11018711419752175
1324,107.0,GLY,CA,47.443999999999996,47.998,0.067,both,0.9,['CA'],0.30691600000000224,0.3789086419753114
1325,107.0,GLY,H,8.238,8.063,0.004,both,0.43,['HN'],0.030624999999999628,0.16563007030827276
1326,107.0,GLY,HA2,3.677,3.327,0.011,both,,['HA1'],0.12250000000000007,
1327,107.0,GLY,HA3,3.677,4.265,0.006,both,,['HA2'],0.34574399999999955,
1328,107.0,GLY,N,106.227,106.495,0.032,both,2.31,['N'],0.07182400000000036,0.013460017615861838
1329,108.0,GLY,C,175.49099999999999,174.589,0.0,both,1.44,['C'],0.8136039999999762,0.39236304012344536
1330,108.0,GLY,CA,47.261,47.931,0.071,both,0.9,['CA'],0.44889999999999275,0.5541975308641885
1331,108.0,GLY,H,8.443,8.9,0.003,both,0.43,['HN'],0.20884900000000067,1.1295240670632811
1332,108.0,GLY,HA2,4.004,3.731,0.011,both,,['HA1'],0.07452899999999983,
1333,108.0,GLY,HA3,4.004,3.952,0.006,both,,['HA2'],0.0027039999999999586,
1334,108.0,GLY,N,109.335,107.786,0.065,both,2.31,['N'],2.3994009999999766,0.44965442926481447
1335,109.0,ALA,C,178.86599999999999,181.113,0.02,both,1.44,['C'],5.049009000000063,2.4349001736111417
1336,109.0,ALA,CA,54.729,55.098,0.04,both,0.9,['CA'],0.13616099999999984,0.16809999999999978
1337,109.0,ALA,CB,18.438,18.418,0.073,both,1.0,['CB'],0.00039999999999998294,0.00039999999999998294
1338,109.0,ALA,H,8.014,8.343,0.01,both,0.43,['HN'],0.1082410000000004,0.5854029204975685
1339,109.0,ALA,HA,4.196000000000001,4.216,0.005,both,0.24,['HA'],0.00039999999999998294,0.006944444444444148
1340,109.0,ALA,HB1,1.6130000000000002,1.65,0.003,right_only,0.15,['HB1'],0.0013689999999999779,0.060844444444443466
1341,109.0,ALA,HB2,1.6130000000000002,1.65,0.003,right_only,0.15,['HB2'],0.0013689999999999779,0.060844444444443466
1342,109.0,ALA,HB3,1.6130000000000002,1.65,0.003,right_only,0.15,['HB3'],0.0013689999999999779,0.060844444444443466
1343,109.0,ALA,N,124.227,124.959,0.062,both,2.31,['N'],0.535823999999999,0.10041490976555892
1344,110.0,LEU,C,177.578,180.1,0.014,both,1.44,['C'],6.360483999999956,3.067363040123436
1345,110.0,LEU,CA,58.052,57.4,0.083,both,0.9,['CA'],0.4251040000000013,0.5248197530864214
1346,110.0,LEU,CB,41.631,42.562,0.058,both,1.0,['CB'],0.8667609999999951,0.8667609999999951
1347,110.0,LEU,CD1,,25.624,0.056,right_only,,['CD1'],,
1348,110.0,LEU,CD2,,23.774,0.067,right_only,,['CD2'],,
1349,110.0,LEU,CG,,26.037,0.152,right_only,,['CG'],,
1350,110.0,LEU,H,8.419,8.296,0.012,both,0.43,['HN'],0.015129000000000272,0.0818226068144958
1351,110.0,LEU,HA,4.044,4.017,0.01,both,0.24,['HA'],0.0007289999999999593,0.012656249999999293
1352,110.0,LEU,HB2,1.399,1.345,0.018,both,0.191,['HB1'],0.0029160000000000054,0.07993201940736289
1353,110.0,LEU,HB3,1.399,1.733,0.026,both,0.191,['HB2'],0.11155600000000004,3.057920561388121
1354,110.0,LEU,HD11,0.8270000000000001,0.609,0.006,right_only,0.25,['1HD1'],0.04752400000000004,0.7603840000000006
1355,110.0,LEU,HD12,0.8270000000000001,0.609,0.006,right_only,0.25,['2HD1'],0.04752400000000004,0.7603840000000006
1356,110.0,LEU,HD13,0.8270000000000001,0.609,0.006,right_only,0.25,['3HD1'],0.04752400000000004,0.7603840000000006
1357,110.0,LEU,HD21,0.8270000000000001,0.808,0.012,right_only,0.237,['1HD2'],0.00036100000000000064,0.006427032704872806
1358,110.0,LEU,HD22,0.8270000000000001,0.808,0.012,right_only,0.237,['2HD2'],0.00036100000000000064,0.006427032704872806
1359,110.0,LEU,HD23,0.8270000000000001,0.808,0.012,right_only,0.237,['3HD2'],0.00036100000000000064,0.006427032704872806
1360,110.0,LEU,HG,1.507,1.443,0.01,both,0.285,['HG'],0.004095999999999979,0.05042782394582923
1361,110.0,LEU,N,119.49700000000001,119.336,0.094,both,2.31,['N'],0.025921000000005016,0.004857667584941252
1362,111.0,CYS,C,,175.954,0.028,right_only,1.44,['C'],,
1363,111.0,CYS,CA,,64.665,0.087,right_only,0.9,['CA'],,
1364,111.0,CYS,CB,,26.724,0.104,right_only,1.0,['CB'],,
1365,111.0,CYS,H,,8.207,0.003,right_only,0.43,['HN'],,
1366,111.0,CYS,HA,3.938,3.818,0.009,both,0.24,['HA'],0.014400000000000026,0.25000000000000044
1367,111.0,CYS,HB2,2.915,2.701,0.009,both,0.314,['HB1'],0.04579599999999999,0.4644813177005151
1368,111.0,CYS,HB3,2.915,3.205,0.004,both,0.314,['HB2'],0.08410000000000002,0.8529757799505053
1369,111.0,CYS,N,,119.466,0.04,right_only,2.31,['N'],,
1370,112.0,VAL,C,177.56099999999998,177.356,0.04,both,1.44,['C'],0.04202499999999348,0.02026668595678698
1371,112.0,VAL,CA,66.355,67.316,0.067,both,0.9,['CA'],0.9235209999999971,1.1401493827160458
1372,112.0,VAL,CB,31.311999999999998,31.944,0.067,both,1.0,['CB'],0.39942400000000183,0.39942400000000183
1373,112.0,VAL,CG1,,23.087,0.05,right_only,,['CG1'],,
1374,112.0,VAL,CG2,,22.31,0.063,right_only,,['CG2'],,
1375,112.0,VAL,H,7.9,8.11,0.007,both,0.43,['HN'],0.04409999999999961,0.23850730124391356
1376,112.0,VAL,HA,3.4589999999999996,3.379,0.005,both,0.24,['HA'],0.0063999999999999405,0.11111111111111008
1377,112.0,VAL,HB,2.1959999999999997,2.168,0.011,both,0.212,['HB'],0.0007839999999999766,0.01744393022427858
1378,112.0,VAL,HG11,0.892,1.044,0.005,right_only,0.214,['1HG1'],0.023104000000000006,0.5044982094506072
1379,112.0,VAL,HG12,0.892,1.044,0.005,right_only,0.214,['2HG1'],0.023104000000000006,0.5044982094506072
1380,112.0,VAL,HG13,0.892,1.044,0.005,right_only,0.214,['3HG1'],0.023104000000000006,0.5044982094506072
1381,112.0,VAL,HG21,0.892,1.048,0.004,right_only,0.23600000000000002,['1HG2'],0.024336000000000007,0.43694340706693485
1382,112.0,VAL,HG22,0.892,1.048,0.004,right_only,0.23600000000000002,['2HG2'],0.024336000000000007,0.43694340706693485
1383,112.0,VAL,HG23,0.892,1.048,0.004,right_only,0.23600000000000002,['3HG2'],0.024336000000000007,0.43694340706693485
1384,112.0,VAL,N,120.76799999999999,119.086,0.055,both,2.31,['N'],2.8291239999999593,0.5301857161597345
1385,113.0,GLU,C,178.33599999999998,178.264,0.006,both,1.44,['C'],0.0051839999999963,0.002499999999998216
1386,113.0,GLU,CA,59.521,59.336,0.053,both,0.9,['CA'],0.03422500000000084,0.042253086419754116
1387,113.0,GLU,CB,29.186,29.326,0.095,both,1.0,['CB'],0.01960000000000016,0.01960000000000016
1388,113.0,GLU,CG,,36.297,0.096,right_only,,['CG'],,
1389,113.0,GLU,H,8.433,8.19,0.004,both,0.43,['HN'],0.05904900000000016,0.31935640886966016
1390,113.0,GLU,HA,4.006,4.094,0.013,both,0.24,['HA'],0.007744000000000014,0.1344444444444447
1391,113.0,GLU,HB2,2.074,2.044,0.002,both,0.155,['HB1'],0.0008999999999999883,0.03746097814776226
1392,113.0,GLU,HB3,2.074,2.044,0.002,both,0.155,['HB2'],0.0008999999999999883,0.03746097814776226
1393,113.0,GLU,HG2,2.252,2.198,0.03,both,0.17600000000000002,['HG1'],0.002915999999999981,0.09413739669421424
1394,113.0,GLU,HG3,2.252,2.363,0.014,both,0.17600000000000002,['HG2'],0.012321000000000047,0.3977595557851254
1395,113.0,GLU,N,120.669,119.448,0.058,both,2.31,['N'],1.490841000000009,0.2793877551020425
1396,114.0,SER,C,176.261,175.485,0.022,both,1.44,['C'],0.6021759999999721,0.2904012345678878
1397,114.0,SER,CA,62.18600000000001,63.249,0.076,both,0.9,['CA'],1.12996899999999,1.395023456790111
1398,114.0,SER,CB,63.019,62.229,0.101,both,1.0,['CB'],0.6240999999999987,0.6240999999999987
1399,114.0,SER,H,8.16,7.757,0.007,both,0.43,['HN'],0.1624090000000004,0.8783612763656052
1400,114.0,SER,HA,4.1,3.886,0.026,both,0.24,['HA'],0.045795999999999795,0.7950694444444409
1401,114.0,SER,HB2,3.77,3.678,0.012,both,0.22399999999999998,['HB1'],0.008464000000000015,0.16868622448979625
1402,114.0,SER,HB3,3.77,3.678,0.012,both,0.22399999999999998,['HB2'],0.008464000000000015,0.16868622448979625
1403,114.0,SER,N,115.586,113.847,0.029,both,2.31,['N'],3.024121000000015,0.5667286969884401
1404,115.0,VAL,C,177.47099999999998,179.471,0.032,both,1.44,['C'],4.000000000000114,1.9290123456790673
1405,115.0,VAL,CA,64.935,66.746,0.072,both,0.9,['CA'],3.279720999999974,4.049038271604906
1406,115.0,VAL,CB,31.139,31.412,0.107,both,1.0,['CB'],0.07452899999999983,0.07452899999999983
1407,115.0,VAL,CG1,,21.357,0.083,right_only,,['CG1'],,
1408,115.0,VAL,CG2,,22.839,0.096,right_only,,['CG2'],,
1409,115.0,VAL,H,7.614,7.423,0.006,both,0.43,['HN'],0.03648099999999994,0.19730124391562975
1410,115.0,VAL,HA,3.613,3.201,0.006,both,0.24,['HA'],0.16974399999999992,2.9469444444444433
1411,115.0,VAL,HB,1.751,1.655,0.008,both,0.212,['HB'],0.009215999999999974,0.2050551797792803
1412,115.0,VAL,HG11,0.612,0.126,0.003,right_only,0.214,['1HG1'],0.236196,5.157568346580487
1413,115.0,VAL,HG12,0.612,0.126,0.003,right_only,0.214,['2HG1'],0.236196,5.157568346580487
1414,115.0,VAL,HG13,0.612,0.126,0.003,right_only,0.214,['3HG1'],0.236196,5.157568346580487
1415,115.0,VAL,HG21,0.612,0.349,0.005,right_only,0.23600000000000002,['1HG2'],0.06916900000000001,1.2419024705544384
1416,115.0,VAL,HG22,0.612,0.349,0.005,right_only,0.23600000000000002,['2HG2'],0.06916900000000001,1.2419024705544384
1417,115.0,VAL,HG23,0.612,0.349,0.005,right_only,0.23600000000000002,['3HG2'],0.06916900000000001,1.2419024705544384
1418,115.0,VAL,N,119.579,121.093,0.048,both,2.31,['N'],2.2921960000000303,0.42956391371976355
1419,116.0,ASP,C,177.625,178.029,0.019,both,1.44,['C'],0.16321599999999706,0.078711419753085
1420,116.0,ASP,CA,56.345,57.471,0.036,both,0.9,['CA'],1.2678759999999947,1.5652790123456723
1421,116.0,ASP,CB,41.233000000000004,41.004,0.074,both,1.0,['CB'],0.05244100000000289,0.05244100000000289
1422,116.0,ASP,H,7.787999999999999,8.365,0.003,both,0.43,['HN'],0.332929000000001,1.8005895078420822
1423,116.0,ASP,HA,4.465,4.398,0.008,both,0.24,['HA'],0.0044890000000000225,0.07793402777777816
1424,116.0,ASP,HB2,2.775,2.699,0.008,both,0.165,['HB1'],0.00577600000000001,0.21215794306703434
1425,116.0,ASP,HB3,2.775,2.921,0.004,both,0.165,['HB2'],0.021315999999999974,0.7829568411386583
1426,116.0,ASP,N,120.25200000000001,123.023,0.065,both,2.31,['N'],7.678440999999926,1.4389612263638099
1427,117.0,LYS,C,175.976,175.049,0.011,both,1.44,['C'],0.8593289999999861,0.41441406249999335
1428,117.0,LYS,CA,56.325,55.685,0.072,both,0.9,['CA'],0.40960000000000074,0.5056790123456799
1429,117.0,LYS,CB,32.033,32.317,0.151,both,1.0,['CB'],0.08065599999999938,0.08065599999999938
1430,117.0,LYS,CD,,29.032,0.127,right_only,,['CD'],,
1431,117.0,LYS,CE,,42.431,0.07,right_only,,['CE'],,
1432,117.0,LYS,CG,,25.767,0.058,right_only,,['CG'],,
1433,117.0,LYS,H,7.7379999999999995,7.698,0.005,both,0.43,['HN'],0.0015999999999999318,0.008653326122227863
1434,117.0,LYS,HA,4.231,4.384,0.01,both,0.24,['HA'],0.023409000000000145,0.4064062500000025
1435,117.0,LYS,HB2,1.8459999999999999,1.679,0.021,both,0.18,['HB1'],0.027888999999999938,0.8607716049382698
1436,117.0,LYS,HB3,1.8459999999999999,1.683,0.022,both,0.18,['HB2'],0.02656899999999994,0.820030864197529
1437,117.0,LYS,HD2,1.6469999999999998,2.124,0.004,both,0.205,['HD1'],0.2275290000000003,5.41413444378347
1438,117.0,LYS,HD3,1.6469999999999998,2.124,0.004,both,0.205,['HD2'],0.2275290000000003,5.41413444378347
1439,117.0,LYS,HE2,,2.998,0.017,right_only,0.204,['HE1'],,
1440,117.0,LYS,HE3,,2.991,0.009,right_only,0.204,['HE2'],,
1441,117.0,LYS,HG2,1.4580000000000002,1.456,0.007,both,0.19699999999999998,['HG1'],4.000000000000895e-06,0.00010306887577626056
1442,117.0,LYS,HG3,1.4580000000000002,1.646,0.008,both,0.19699999999999998,['HG2'],0.035343999999999896,0.9107165863588319
1443,117.0,LYS,N,116.48899999999999,116.212,0.056,both,2.31,['N'],0.07672899999999269,0.014379228275330802
1444,118.0,GLU,C,175.707,176.065,0.016,both,1.44,['C'],0.12816400000000294,0.06180748456790266
1445,118.0,GLU,CA,57.346000000000004,57.766,0.095,both,0.9,['CA'],0.17639999999999548,0.21777777777777219
1446,118.0,GLU,CB,27.233,26.54,0.008,both,1.0,['CB'],0.4802490000000019,0.4802490000000019
1447,118.0,GLU,CG,,36.923,0.012,right_only,,['CG'],,
1448,118.0,GLU,H,7.939,7.959,0.005,both,0.43,['HN'],0.00039999999999998294,0.0021633315305569657
1449,118.0,GLU,HA,3.989,3.973,0.009,both,0.24,['HA'],0.0002560000000000005,0.004444444444444453
1450,118.0,GLU,HB2,2.1519999999999997,2.411,0.002,both,0.155,['HB1'],0.06708100000000018,2.792133194588977
1451,118.0,GLU,HB3,2.1519999999999997,,,left_only,0.155,['HB2'],,
1452,118.0,GLU,HG2,2.281,2.237,0.003,both,0.17600000000000002,['HG1'],0.0019360000000000035,0.0625000000000001
1453,118.0,GLU,HG3,2.281,2.324,0.008,both,0.17600000000000002,['HG2'],0.0018489999999999746,0.05969137396694132
1454,118.0,GLU,N,115.515,114.271,0.071,both,2.31,['N'],1.5475359999999994,0.2900125559865818
1455,119.0,MET,C,176.00799999999998,176.817,0.013,both,1.44,['C'],0.654481000000042,0.31562548225310666
1456,119.0,MET,CA,54.846000000000004,53.675,0.077,both,0.9,['CA'],1.3712410000000153,1.6928901234568088
1457,119.0,MET,CB,31.44,31.867,0.344,both,1.0,['CB'],0.18232899999999966,0.18232899999999966
1458,119.0,MET,CE,,17.69,0.032,right_only,,['CE'],,
1459,119.0,MET,CG,,31.793,0.184,right_only,,['CG'],,
1460,119.0,MET,H,8.493,8.542,0.003,both,0.43,['HN'],0.00240099999999995,0.012985397512168472
1461,119.0,MET,HA,4.681,4.822,0.004,both,0.24,['HA'],0.019881000000000003,0.34515625000000005
1462,119.0,MET,HB2,1.9509999999999998,1.897,0.012,both,0.233,['HB1'],0.002915999999999981,0.05371253845161968
1463,119.0,MET,HB3,1.9509999999999998,1.97,0.011,both,0.233,['HB2'],0.00036100000000000487,0.006649597524360457
1464,119.0,MET,HE1,1.946,2.116,0.005,right_only,0.302,['HE1'],0.02890000000000005,0.3168720670146052
1465,119.0,MET,HE2,1.946,2.116,0.005,right_only,0.302,['HE2'],0.02890000000000005,0.3168720670146052
1466,119.0,MET,HE3,1.946,2.116,0.005,right_only,0.302,['HE3'],0.02890000000000005,0.3168720670146052
1467,119.0,MET,HG2,2.421,2.422,0.021,both,0.263,['HG1'],1.0000000000006678e-06,1.4457343607695178e-05
1468,119.0,MET,HG3,2.421,2.552,0.011,both,0.263,['HG2'],0.017161000000000058,0.24810247365149207
1469,119.0,MET,N,118.90299999999999,119.26,0.066,both,2.31,['N'],0.12744900000000967,0.023884297520662966
1470,120.0,GLN,C,177.396,177.471,0.022,both,1.44,['C'],0.005625000000002558,0.002712673611112345
1471,120.0,GLN,CA,58.52,60.166,0.088,both,0.9,['CA'],2.7093159999999794,3.344834567901209
1472,120.0,GLN,CB,28.359,27.667,0.091,both,1.0,['CB'],0.47886400000000023,0.47886400000000023
1473,120.0,GLN,CD,,179.85,0.05,right_only,,['CD'],,
1474,120.0,GLN,CG,,34.177,0.064,right_only,,['CG'],,
1475,120.0,GLN,H,7.973,8.796,0.002,both,0.43,['HN'],0.6773289999999992,3.6632179556516995
1476,120.0,GLN,HA,3.85,3.489,0.005,both,0.24,['HA'],0.13032100000000016,2.262517361111114
1477,120.0,GLN,HB2,2.1180000000000003,1.977,0.009,both,0.17600000000000002,['HB1'],0.019881000000000065,0.6418194731404978
1478,120.0,GLN,HB3,2.1180000000000003,1.978,0.008,both,0.17600000000000002,['HB2'],0.019600000000000097,0.6327479338843005
1479,120.0,GLN,HE21,,7.0,0.012,right_only,0.254,['1HE2'],,
1480,120.0,GLN,HE22,,7.526,0.008,right_only,0.254,['2HE2'],,
1481,120.0,GLN,HG2,2.366,2.308,0.004,both,0.193,['HG1'],0.003364000000000032,0.0903111492925993
1482,120.0,GLN,HG3,2.366,2.501,0.006,both,0.193,['HG2'],0.018224999999999943,0.48927487986254503
1483,120.0,GLN,N,119.375,119.766,0.072,both,2.31,['N'],0.15288100000000418,0.02865032514383242
1484,120.0,GLN,NE2,,111.02,0.229,right_only,,['NE2'],,
1485,121.0,VAL,C,176.993,175.676,0.017,both,1.44,['C'],1.7344890000000193,0.8364626736111205
1486,121.0,VAL,CA,63.532,63.612,0.037,both,0.9,['CA'],0.006400000000000864,0.007901234567902302
1487,121.0,VAL,CB,31.714000000000002,31.494,0.126,both,1.0,['CB'],0.04840000000000106,0.04840000000000106
1488,121.0,VAL,CG1,,20.067,0.063,right_only,,['CG1'],,
1489,121.0,VAL,CG2,,20.054,0.049,right_only,,['CG2'],,
1490,121.0,VAL,H,7.716,7.959,0.006,both,0.43,['HN'],0.05904899999999973,0.3193564088696578
1491,121.0,VAL,HA,3.94,4.056,0.008,both,0.24,['HA'],0.013456000000000023,0.23361111111111152
1492,121.0,VAL,HB,2.1519999999999997,2.205,0.004,both,0.212,['HB'],0.00280900000000004,0.0625000000000009
1493,121.0,VAL,HG11,0.845,0.894,0.008,right_only,0.214,['1HG1'],0.0024010000000000043,0.05242815966459963
1494,121.0,VAL,HG12,0.845,0.894,0.008,right_only,0.214,['2HG1'],0.0024010000000000043,0.05242815966459963
1495,121.0,VAL,HG13,0.845,0.894,0.008,right_only,0.214,['3HG1'],0.0024010000000000043,0.05242815966459963
1496,121.0,VAL,HG21,0.845,0.934,0.023,right_only,0.23600000000000002,['1HG2'],0.007921000000000015,0.14221847170353372
1497,121.0,VAL,HG22,0.845,0.934,0.023,right_only,0.23600000000000002,['2HG2'],0.007921000000000015,0.14221847170353372
1498,121.0,VAL,HG23,0.845,0.934,0.023,right_only,0.23600000000000002,['3HG2'],0.007921000000000015,0.14221847170353372
1499,121.0,VAL,N,116.169,117.292,0.062,both,2.31,['N'],1.2611290000000104,0.2363390865988288
1500,122.0,LEU,C,178.33,177.962,0.075,both,1.44,['C'],0.13542400000001723,0.06530864197531695
1501,122.0,LEU,CA,57.02,55.528,0.097,both,0.9,['CA'],2.2260640000000134,2.7482271604938435
1502,122.0,LEU,CB,41.354,41.369,0.069,both,1.0,['CB'],0.00022500000000001704,0.00022500000000001704
1503,122.0,LEU,CD1,,22.811,0.078,right_only,,['CD1'],,
1504,122.0,LEU,CD2,,26.405,0.079,right_only,,['CD2'],,
1505,122.0,LEU,CG,,27.072,0.05,right_only,,['CG'],,
1506,122.0,LEU,H,7.494,7.887,0.005,both,0.43,['HN'],0.15444899999999984,0.8353109789075168
1507,122.0,LEU,HA,3.929,3.872,0.012,both,0.24,['HA'],0.003248999999999993,0.05640624999999989
1508,122.0,LEU,HB2,1.5859999999999999,1.25,0.011,both,0.191,['HB1'],0.1128959999999999,3.0946520106356705
1509,122.0,LEU,HB3,1.5859999999999999,1.879,0.009,both,0.191,['HB2'],0.08584900000000009,2.3532523779501684
1510,122.0,LEU,HD11,0.8220000000000001,0.676,0.005,right_only,0.25,['1HD1'],0.021316000000000005,0.3410560000000001
1511,122.0,LEU,HD12,0.8220000000000001,0.676,0.005,right_only,0.25,['2HD1'],0.021316000000000005,0.3410560000000001
1512,122.0,LEU,HD13,0.8220000000000001,0.676,0.005,right_only,0.25,['3HD1'],0.021316000000000005,0.3410560000000001
1513,122.0,LEU,HD21,0.8220000000000001,0.784,0.005,right_only,0.237,['1HD2'],0.0014440000000000026,0.025708130819491224
1514,122.0,LEU,HD22,0.8220000000000001,0.784,0.005,right_only,0.237,['2HD2'],0.0014440000000000026,0.025708130819491224
1515,122.0,LEU,HD23,0.8220000000000001,0.784,0.005,right_only,0.237,['3HD2'],0.0014440000000000026,0.025708130819491224
1516,122.0,LEU,HG,1.579,1.573,0.006,both,0.285,['HG'],3.600000000000006e-05,0.00044321329639889276
1517,122.0,LEU,N,120.294,117.436,0.048,both,2.31,['N'],8.168163999999942,1.530736680347059
1518,123.0,VAL,C,177.824,177.04,0.01,both,1.44,['C'],0.6146560000000317,0.2964197530864351
1519,123.0,VAL,CA,66.37100000000001,67.817,0.089,both,0.9,['CA'],2.090915999999953,2.5813777777777194
1520,123.0,VAL,CB,31.213,30.889,0.169,both,1.0,['CB'],0.10497600000000105,0.10497600000000105
1521,123.0,VAL,CG1,,21.783,0.095,right_only,,['CG1'],,
1522,123.0,VAL,CG2,,23.287,0.072,right_only,,['CG2'],,
1523,123.0,VAL,H,7.311,7.444,0.006,both,0.43,['HN'],0.017689000000000003,0.09566792861005952
1524,123.0,VAL,HA,3.267,3.379,0.011,both,0.24,['HA'],0.012544000000000022,0.21777777777777818
1525,123.0,VAL,HB,1.643,1.767,0.011,both,0.212,['HB'],0.015375999999999973,0.34211463154147326
1526,123.0,VAL,HG11,0.503,0.409,0.011,right_only,0.214,['1HG1'],0.008836000000000005,0.19294261507555258
1527,123.0,VAL,HG12,0.503,0.409,0.011,right_only,0.214,['2HG1'],0.008836000000000005,0.19294261507555258
1528,123.0,VAL,HG13,0.503,0.409,0.011,right_only,0.214,['3HG1'],0.008836000000000005,0.19294261507555258
1529,123.0,VAL,HG21,0.503,0.435,0.012,right_only,0.23600000000000002,['1HG2'],0.0046240000000000005,0.08302212008043665
1530,123.0,VAL,HG22,0.503,0.435,0.012,right_only,0.23600000000000002,['2HG2'],0.0046240000000000005,0.08302212008043665
1531,123.0,VAL,HG23,0.503,0.435,0.012,right_only,0.23600000000000002,['3HG2'],0.0046240000000000005,0.08302212008043665
1532,123.0,VAL,N,118.589,120.028,0.071,both,2.31,['N'],2.0707210000000207,0.3880588819549897
1533,124.0,SER,C,176.343,177.07,0.073,both,1.44,['C'],0.5285290000000056,0.25488474151234836
1534,124.0,SER,CA,61.433,61.254,0.065,both,0.9,['CA'],0.032041000000000736,0.0395567901234577
1535,124.0,SER,CB,62.99100000000001,62.403,0.129,both,1.0,['CB'],0.3457440000000095,0.3457440000000095
1536,124.0,SER,H,7.987,8.394,0.01,both,0.43,['HN'],0.16564900000000002,0.8958842617631154
1537,124.0,SER,HA,4.074,3.979,0.005,both,0.24,['HA'],0.009024999999999953,0.15668402777777696
1538,124.0,SER,HB2,3.841,3.837,0.012,both,0.22399999999999998,['HB1'],1.600000000000003e-05,0.0003188775510204088
1539,124.0,SER,HB3,3.841,3.836,0.011,both,0.22399999999999998,['HB2'],2.5000000000003376e-05,0.0004982461734694551
1540,124.0,SER,N,115.156,111.168,0.065,both,2.31,['N'],15.904143999999997,2.98048087554581
1541,125.0,ARG,C,178.293,175.751,0.011,both,1.44,['C'],6.4617640000000085,3.1162056327160537
1542,125.0,ARG,CA,58.285,58.738,0.035,both,0.9,['CA'],0.20520900000000267,0.2533444444444477
1543,125.0,ARG,CB,29.828000000000003,29.845,0.14,both,1.0,['CB'],0.0002889999999998609,0.0002889999999998609
1544,125.0,ARG,CD,,44.082,0.105,right_only,,['CD'],,
1545,125.0,ARG,CG,,25.771,0.109,right_only,,['CG'],,
1546,125.0,ARG,H,6.869,6.696,0.007,both,0.43,['HN'],0.029929000000000015,0.16186587344510556
1547,125.0,ARG,HA,3.7710000000000004,3.71,0.006,both,0.24,['HA'],0.003721000000000047,0.06460069444444526
1548,125.0,ARG,HB2,1.166,1.09,0.02,both,0.20199999999999999,['HB1'],0.0057759999999999765,0.14155474953435881
1549,125.0,ARG,HB3,1.166,1.486,0.014,both,0.20199999999999999,['HB2'],0.10240000000000005,2.509557886481719
1550,125.0,ARG,HD2,3.136,2.776,0.014,both,0.21,['HD1'],0.12960000000000024,2.9387755102040876
1551,125.0,ARG,HD3,3.136,3.205,0.005,both,0.21,['HD2'],0.0047609999999999935,0.10795918367346925
1552,125.0,ARG,HE,7.25,,,left_only,,['HE'],,
1553,125.0,ARG,HG2,1.515,0.779,0.024,both,0.207,['HG1'],0.5416959999999998,12.641975308641973
1554,125.0,ARG,HG3,1.515,1.264,0.012,both,0.207,['HG2'],0.06300099999999995,1.4703026908445926
1555,125.0,ARG,N,122.12200000000001,123.526,0.049,both,2.31,['N'],1.97121599999995,0.3694113678529169
1556,126.0,ILE,C,177.363,177.974,0.038,both,1.44,['C'],0.3733209999999878,0.18003520447530277
1557,126.0,ILE,CA,65.743,64.959,0.036,both,0.9,['CA'],0.6146559999999872,0.7588345679012187
1558,126.0,ILE,CB,37.791,37.666,0.05,both,1.0,['CB'],0.015625,0.015625
1559,126.0,ILE,CD1,,14.732,0.057,right_only,,['CD'],,
1560,126.0,ILE,CG1,,29.902,0.081,right_only,,['CG1'],,
1561,126.0,ILE,CG2,,18.33,0.046,right_only,,['CG2'],,
1562,126.0,ILE,H,7.996,8.124,0.005,both,0.43,['HN'],0.01638400000000003,0.08861005949161727
1563,126.0,ILE,HA,2.985,2.855,0.005,both,0.24,['HA'],0.01689999999999997,0.2934027777777773
1564,126.0,ILE,HB,1.7109999999999999,1.624,0.014,both,0.228,['HB'],0.007568999999999955,0.14560249307479137
1565,126.0,ILE,HD11,0.537,0.534,0.005,right_only,0.20800000000000002,['HD1'],9.000000000000015e-06,0.00020802514792899439
1566,126.0,ILE,HD12,0.537,0.534,0.005,right_only,0.20800000000000002,['HD2'],9.000000000000015e-06,0.00020802514792899439
1567,126.0,ILE,HD13,0.537,0.534,0.005,right_only,0.20800000000000002,['HD3'],9.000000000000015e-06,0.00020802514792899439
1568,126.0,ILE,HG12,1.04,0.535,0.005,both,0.235,['1HG1'],0.255025,4.61792666364871
1569,126.0,ILE,HG13,1.04,1.223,0.008,both,0.235,['2HG1'],0.03348900000000002,0.6064101403349936
1570,126.0,ILE,HG21,0.7659999999999999,0.695,0.005,right_only,0.19899999999999998,['1HG2'],0.005040999999999993,0.1272947652837048
1571,126.0,ILE,HG22,0.7659999999999999,0.695,0.005,right_only,0.19899999999999998,['2HG2'],0.005040999999999993,0.1272947652837048
1572,126.0,ILE,HG23,0.7659999999999999,0.695,0.005,right_only,0.19899999999999998,['3HG2'],0.005040999999999993,0.1272947652837048
1573,126.0,ILE,N,120.74700000000001,118.795,0.088,both,2.31,['N'],3.8103040000000483,0.714061580555096
1574,127.0,ALA,C,179.15099999999998,179.395,0.033,both,1.44,['C'],0.05953600000001376,0.028711419753093055
1575,127.0,ALA,CA,55.413999999999994,55.287,0.15,both,0.9,['CA'],0.016128999999998814,0.01991234567901088
1576,127.0,ALA,CB,18.104,18.52,0.144,both,1.0,['CB'],0.17305600000000032,0.17305600000000032
1577,127.0,ALA,H,7.699,7.711,0.007,both,0.43,['HN'],0.00014400000000001093,0.0007787993510006
1578,127.0,ALA,HA,3.9419999999999997,3.902,0.01,both,0.24,['HA'],0.0015999999999999673,0.02777777777777721
1579,127.0,ALA,HB1,1.5319999999999998,1.498,0.006,right_only,0.15,['HB1'],0.001155999999999987,0.051377777777777196
1580,127.0,ALA,HB2,1.5319999999999998,1.498,0.006,right_only,0.15,['HB2'],0.001155999999999987,0.051377777777777196
1581,127.0,ALA,HB3,1.5319999999999998,1.498,0.006,right_only,0.15,['HB3'],0.001155999999999987,0.051377777777777196
1582,127.0,ALA,N,120.705,119.674,0.082,both,2.31,['N'],1.062960999999983,0.19920185153951067
1583,128.0,ALA,C,178.81,181.038,0.026,both,1.44,['C'],4.963984000000038,2.39389660493829
1584,128.0,ALA,CA,54.89,55.261,0.102,both,0.9,['CA'],0.13764100000000165,0.1699271604938292
1585,128.0,ALA,CB,18.505,17.822,0.141,both,1.0,['CB'],0.46648899999999976,0.46648899999999976
1586,128.0,ALA,H,7.226,7.356,0.003,both,0.43,['HN'],0.01689999999999997,0.09140075716603555
1587,128.0,ALA,HA,4.2010000000000005,4.173,0.004,both,0.24,['HA'],0.0007840000000000262,0.013611111111111567
1588,128.0,ALA,HB1,1.4469999999999998,1.57,0.01,right_only,0.15,['HB1'],0.015129000000000054,0.6724000000000024
1589,128.0,ALA,HB2,1.4469999999999998,1.57,0.01,right_only,0.15,['HB2'],0.015129000000000054,0.6724000000000024
1590,128.0,ALA,HB3,1.4469999999999998,1.57,0.01,right_only,0.15,['HB3'],0.015129000000000054,0.6724000000000024
1591,128.0,ALA,N,121.14299999999999,120.85,0.066,both,2.31,['N'],0.0858489999999954,0.016088341672756395
1592,129.0,TRP,C,178.833,179.558,0.033,both,1.44,['C'],0.5256249999999918,0.25348427854937877
1593,129.0,TRP,CA,58.586999999999996,57.788,0.029,both,0.9,['CA'],0.6384009999999992,0.7881493827160484
1594,129.0,TRP,CB,28.529,28.918,0.084,both,1.0,['CB'],0.15132099999999948,0.15132099999999948
1595,129.0,TRP,CD1,,124.34,0.069,right_only,,['CD1'],,
1596,129.0,TRP,CH2,,124.0,0.03,right_only,,['CH2'],,
1597,129.0,TRP,CZ2,,113.654,0.031,right_only,,['CZ2'],,
1598,129.0,TRP,CZ3,,120.015,0.036,right_only,,['CZ3'],,
1599,129.0,TRP,H,8.762,9.087,0.006,both,0.43,['HN'],0.10562499999999954,0.5712547322877206
1600,129.0,TRP,HA,4.419,,,left_only,0.24,['HA'],,
1601,129.0,TRP,HB2,2.688,2.684,0.01,both,0.235,['HB1'],1.600000000000003e-05,0.00028972385694884617
1602,129.0,TRP,HB3,2.688,2.996,0.014,both,0.235,['HB2'],0.09486399999999989,1.717772747849704
1603,129.0,TRP,HD1,7.229,7.169,0.022,both,0.271,['HD1'],0.0036000000000000597,0.049018940373906396
1604,129.0,TRP,HE1,10.289000000000001,10.135,0.003,both,0.545,['HE1'],0.02371600000000052,0.07984513088124069
1605,129.0,TRP,HE3,7.35,,,left_only,0.365,['HE3'],,
1606,129.0,TRP,HH2,6.977,6.849,0.01,both,0.285,['HH2'],0.01638400000000003,0.20171129578331834
1607,129.0,TRP,HZ2,7.422999999999999,7.418,0.011,both,0.289,['HZ2'],2.4999999999990054e-05,0.0002993259180324716
1608,129.0,TRP,HZ3,6.904,6.599,0.021,both,0.314,['HZ3'],0.09302499999999983,0.9434966935778311
1609,129.0,TRP,N,120.001,121.648,0.07,both,2.31,['N'],2.7126089999999716,0.5083504806881377
1610,129.0,TRP,NE1,,126.609,0.065,right_only,,['NE1'],,
1611,130.0,MET,C,177.72099999999998,178.17,0.025,both,1.44,['C'],0.20160100000001102,0.09722270447531396
1612,130.0,MET,CA,59.928999999999995,60.179,0.055,both,0.9,['CA'],0.06250000000000355,0.07716049382716487
1613,130.0,MET,CB,32.828,34.928,0.085,both,1.0,['CB'],4.409999999999976,4.409999999999976
1614,130.0,MET,CE,,16.603,0.033,right_only,,['CE'],,
1615,130.0,MET,CG,,33.011,0.057,right_only,,['CG'],,
1616,130.0,MET,H,8.689,9.031,0.009,both,0.43,['HN'],0.11696400000000036,0.6325797728501913
1617,130.0,MET,HA,4.529,4.345,0.009,both,0.24,['HA'],0.03385600000000006,0.5877777777777788
1618,130.0,MET,HB2,2.121,2.048,0.004,both,0.233,['HB1'],0.0053289999999999935,0.0981598482197129
1619,130.0,MET,HB3,2.121,2.377,0.014,both,0.233,['HB2'],0.06553599999999989,1.2071690397686434
1620,130.0,MET,HE1,1.3219999999999998,1.455,0.007,right_only,0.302,['HE1'],0.017689000000000062,0.19394982676198483
1621,130.0,MET,HE2,1.3219999999999998,1.455,0.007,right_only,0.302,['HE2'],0.017689000000000062,0.19394982676198483
1622,130.0,MET,HE3,1.3219999999999998,1.455,0.007,right_only,0.302,['HE3'],0.017689000000000062,0.19394982676198483
1623,130.0,MET,HG2,2.485,2.158,0.01,both,0.263,['HG1'],0.10692899999999997,1.5459092946262047
1624,130.0,MET,HG3,2.485,2.875,0.01,both,0.263,['HG2'],0.1521000000000001,2.198961962728969
1625,130.0,MET,N,117.41,117.535,0.085,both,2.31,['N'],0.015625,0.002928168512584097
1626,131.0,ALA,C,178.67700000000002,176.249,0.045,both,1.44,['C'],5.895184000000125,2.842970679012406
1627,131.0,ALA,CA,55.248999999999995,56.176,0.05,both,0.9,['CA'],0.8593290000000124,1.0609000000000153
1628,131.0,ALA,CB,18.266,17.634,0.12,both,1.0,['CB'],0.39942399999999734,0.39942399999999734
1629,131.0,ALA,H,8.019,8.274,0.01,both,0.43,['HN'],0.06502499999999949,0.35167658193617896
1630,131.0,ALA,HA,4.1739999999999995,4.1,0.009,both,0.24,['HA'],0.0054759999999999765,0.09506944444444404
1631,131.0,ALA,HB1,1.578,1.599,0.006,right_only,0.15,['HB1'],0.00044099999999999614,0.01959999999999983
1632,131.0,ALA,HB2,1.578,1.599,0.006,right_only,0.15,['HB2'],0.00044099999999999614,0.01959999999999983
1633,131.0,ALA,HB3,1.578,1.599,0.006,right_only,0.15,['HB3'],0.00044099999999999614,0.01959999999999983
1634,131.0,ALA,N,121.69200000000001,120.973,0.085,both,2.31,['N'],0.5169610000000119,0.09687993103577741
1635,132.0,THR,C,175.59599999999998,175.035,0.024,both,1.44,['C'],0.314720999999976,0.15177517361109955
1636,132.0,THR,CA,66.77199999999999,67.312,0.118,both,0.9,['CA'],0.29160000000000674,0.3600000000000083
1637,132.0,THR,CB,67.955,69.177,0.323,both,1.0,['CB'],1.4932840000000205,1.4932840000000205
1638,132.0,THR,CG2,,21.19,0.173,right_only,,['CG2'],,
1639,132.0,THR,H,8.5,8.648,0.007,both,0.43,['HN'],0.021903999999999906,0.11846403461330399
1640,132.0,THR,HA,4.012,3.959,0.014,both,0.24,['HA'],0.002808999999999946,0.04876736111111018
1641,132.0,THR,HB,4.198,4.286,0.007,both,0.247,['HB'],0.007743999999999858,0.1269320919864259
1642,132.0,THR,HG21,1.073,1.024,0.015,right_only,0.146,['1HG2'],0.0024009999999999934,0.11263839369487678
1643,132.0,THR,HG22,1.073,1.024,0.015,right_only,0.146,['2HG2'],0.0024009999999999934,0.11263839369487678
1644,132.0,THR,HG23,1.073,1.024,0.015,right_only,0.146,['3HG2'],0.0024009999999999934,0.11263839369487678
1645,132.0,THR,N,116.069,117.211,0.056,both,2.31,['N'],1.3041639999999906,0.2444039654429247
1646,133.0,TYR,C,176.775,179.551,0.032,both,1.44,['C'],7.706175999999901,3.7163271604937793
1647,133.0,TYR,CA,62.012,63.577,0.084,both,0.9,['CA'],2.449224999999993,3.0237345679012257
1648,133.0,TYR,CB,38.6,39.312,0.075,both,1.0,['CB'],0.5069439999999946,0.5069439999999946
1649,133.0,TYR,CD1,,131.358,0.055,right_only,,['CD1'],,
1650,133.0,TYR,CD2,,131.358,0.055,right_only,,['CD2'],,
1651,133.0,TYR,CE1,,116.591,0.0,right_only,,['CE1'],,
1652,133.0,TYR,CE2,,116.591,0.0,right_only,,['CE2'],,
1653,133.0,TYR,H,8.696,8.964,0.008,both,0.43,['HN'],0.07182400000000036,0.3884478096268273
1654,133.0,TYR,HA,4.251,4.018,0.018,both,0.24,['HA'],0.054289000000000254,0.9425173611111155
1655,133.0,TYR,HB2,3.398,3.49,0.017,both,0.23,['HB1'],0.008464000000000015,0.16000000000000028
1656,133.0,TYR,HB3,3.398,3.755,0.009,both,0.23,['HB2'],0.12744899999999984,2.4092438563327
1657,133.0,TYR,HD1,6.843,7.079,0.024,right_only,0.244,['HD1'],0.05569599999999989,0.9355012093523228
1658,133.0,TYR,HD2,6.843,7.079,0.024,right_only,0.244,['HD2'],0.05569599999999989,0.9355012093523228
1659,133.0,TYR,HE1,6.346,6.792,0.028,right_only,0.193,['HE1'],0.19891599999999976,5.340170205911561
1660,133.0,TYR,HE2,6.346,6.792,0.028,right_only,0.193,['HE2'],0.19891599999999976,5.340170205911561
1661,133.0,TYR,N,123.194,123.705,0.107,both,2.31,['N'],0.2611209999999956,0.048934802571165385
1662,134.0,LEU,C,177.86900000000003,178.321,0.03,both,1.44,['C'],0.20430399999997267,0.09852623456788806
1663,134.0,LEU,CA,58.591,59.586,0.109,both,0.9,['CA'],0.9900249999999949,1.2222530864197467
1664,134.0,LEU,CB,41.443999999999996,42.898,0.08,both,1.0,['CB'],2.1141160000000223,2.1141160000000223
1665,134.0,LEU,CD1,,26.143,0.08,right_only,,['CD1'],,
1666,134.0,LEU,CD2,,26.157,0.078,right_only,,['CD2'],,
1667,134.0,LEU,CG,,28.408,0.085,right_only,,['CG'],,
1668,134.0,LEU,H,8.666,8.853,0.006,both,0.43,['HN'],0.03496899999999977,0.18912385073012317
1669,134.0,LEU,HA,3.8989999999999996,3.832,0.007,both,0.24,['HA'],0.0044889999999999635,0.07793402777777715
1670,134.0,LEU,HB2,1.912,1.873,0.006,both,0.191,['HB1'],0.0015209999999999941,0.04169293604890201
1671,134.0,LEU,HB3,1.912,2.139,0.01,both,0.191,['HB2'],0.05152899999999994,1.4124886927441667
1672,134.0,LEU,HD11,1.078,1.158,0.018,right_only,0.25,['1HD1'],0.006399999999999976,0.10239999999999962
1673,134.0,LEU,HD12,1.078,1.158,0.018,right_only,0.25,['2HD1'],0.006399999999999976,0.10239999999999962
1674,134.0,LEU,HD13,1.078,1.158,0.018,right_only,0.25,['3HD1'],0.006399999999999976,0.10239999999999962
1675,134.0,LEU,HD21,1.078,1.152,0.008,right_only,0.237,['1HD2'],0.0054759999999999765,0.09749149886948276
1676,134.0,LEU,HD22,1.078,1.152,0.008,right_only,0.237,['2HD2'],0.0054759999999999765,0.09749149886948276
1677,134.0,LEU,HD23,1.078,1.152,0.008,right_only,0.237,['3HD2'],0.0054759999999999765,0.09749149886948276
1678,134.0,LEU,HG,1.77,1.873,0.006,both,0.285,['HG'],0.010608999999999995,0.13061249615266232
1679,134.0,LEU,N,119.14299999999999,119.671,0.094,both,2.31,['N'],0.2787840000000211,0.05224489795918763
1680,135.0,ASN,C,177.21900000000002,176.407,0.024,both,1.44,['C'],0.6593440000000192,0.317970679012355
1681,135.0,ASN,CA,56.198,56.883,0.104,both,0.9,['CA'],0.4692250000000031,0.579290123456794
1682,135.0,ASN,CB,39.091,39.219,0.084,both,1.0,['CB'],0.01638400000000003,0.01638400000000003
1683,135.0,ASN,CG,,176.329,0.005,right_only,,['CG'],,
1684,135.0,ASN,H,7.943,8.455,0.007,both,0.43,['HN'],0.2621440000000005,1.4177609518658763
1685,135.0,ASN,HA,4.357,4.353,0.01,both,0.24,['HA'],1.600000000000358e-05,0.00027777777777783996
1686,135.0,ASN,HB2,2.9,2.908,0.005,both,0.185,['HB1'],6.400000000000012e-05,0.001869978086194306
1687,135.0,ASN,HB3,2.9,3.006,0.007,both,0.185,['HB2'],0.011235999999999973,0.32829802775748645
1688,135.0,ASN,HD21,7.2620000000000005,7.005,0.01,both,0.301,['1HD2'],0.06604900000000029,0.7290096135804274
1689,135.0,ASN,HD22,7.2620000000000005,7.687,0.005,both,0.301,['2HD2'],0.18062499999999984,1.993631416871777
1690,135.0,ASN,N,116.646,117.661,0.086,both,2.31,['N'],1.030225000000001,0.19306703397612507
1691,135.0,ASN,ND2,,112.73,0.228,right_only,,['ND2'],,
1692,136.0,ASP,C,176.956,177.798,0.006,both,1.44,['C'],0.7089640000000218,0.34190007716050436
1693,136.0,ASP,CA,56.059,56.501,0.146,both,0.9,['CA'],0.19536400000000015,0.24119012345679028
1694,136.0,ASP,CB,40.842,40.861,0.103,both,1.0,['CB'],0.0003609999999999374,0.0003609999999999374
1695,136.0,ASP,H,8.156,8.58,0.003,both,0.43,['HN'],0.17977599999999958,0.9722877230935619
1696,136.0,ASP,HA,4.379,4.335,0.011,both,0.24,['HA'],0.0019359999999999644,0.033611111111110495
1697,136.0,ASP,HB2,2.45,2.022,0.008,both,0.165,['HB1'],0.18318400000000032,6.728521579430681
1698,136.0,ASP,HB3,2.45,2.422,0.011,both,0.165,['HB2'],0.0007840000000000014,0.0287970615243343
1699,136.0,ASP,N,118.637,115.939,0.041,both,2.31,['N'],7.279204000000041,1.364143100766485
1700,137.0,HIS,C,175.925,175.78,0.039,both,1.44,['C'],0.02102500000000297,0.01013937114197674
1701,137.0,HIS,CA,57.226000000000006,56.529,0.019,both,0.9,['CA'],0.4858090000000038,0.5997641975308688
1702,137.0,HIS,CB,31.903000000000002,30.89,0.086,both,1.0,['CB'],1.0261690000000034,1.0261690000000034
1703,137.0,HIS,H,7.8420000000000005,8.202,0.012,both,0.43,['HN'],0.1295999999999996,0.7009194159004847
1704,137.0,HIS,HA,4.239,4.552,0.009,both,0.24,['HA'],0.09796899999999982,1.7008506944444413
1705,137.0,HIS,HB2,1.746,2.273,0.012,both,0.21899999999999997,['HB1'],0.2777290000000001,5.790725798044248
1706,137.0,HIS,HB3,1.746,2.459,0.008,both,0.21899999999999997,['HB2'],0.5083690000000001,10.599633035174417
1707,137.0,HIS,HD2,6.825,,,left_only,,['HD2'],,
1708,137.0,HIS,N,114.09299999999999,112.071,0.058,both,2.31,['N'],4.088483999999965,0.7661932872322417
1709,138.0,LEU,C,177.767,176.369,0.012,both,1.44,['C'],1.9544039999999891,0.942517361111106
1710,138.0,LEU,CA,56.216,55.696,0.06,both,0.9,['CA'],0.27040000000000325,0.33382716049383115
1711,138.0,LEU,CB,42.42,43.465,0.121,both,1.0,['CB'],1.0920250000000036,1.0920250000000036
1712,138.0,LEU,CD1,,22.017,0.081,right_only,,['CD1'],,
1713,138.0,LEU,CD2,,24.862,0.101,right_only,,['CD2'],,
1714,138.0,LEU,CG,,26.411,0.017,right_only,,['CG'],,
1715,138.0,LEU,H,7.678,7.306,0.019,both,0.43,['HN'],0.13838399999999992,0.7484261763115194
1716,138.0,LEU,HA,4.227,4.55,0.009,both,0.24,['HA'],0.10432899999999969,1.8112673611111056
1717,138.0,LEU,HB2,1.621,1.151,0.01,both,0.191,['HB1'],0.22089999999999999,6.055206819988487
1718,138.0,LEU,HB3,1.621,2.126,0.01,both,0.191,['HB2'],0.2550249999999999,6.990625256983084
1719,138.0,LEU,HD11,0.618,-0.226,0.004,right_only,0.25,['1HD1'],0.712336,11.397376
1720,138.0,LEU,HD12,0.618,-0.226,0.004,right_only,0.25,['2HD1'],0.712336,11.397376
1721,138.0,LEU,HD13,0.618,-0.226,0.004,right_only,0.25,['3HD1'],0.712336,11.397376
1722,138.0,LEU,HD21,0.618,0.289,0.005,right_only,0.237,['1HD2'],0.108241,1.9270594099948373
1723,138.0,LEU,HD22,0.618,0.289,0.005,right_only,0.237,['2HD2'],0.108241,1.9270594099948373
1724,138.0,LEU,HD23,0.618,0.289,0.005,right_only,0.237,['3HD2'],0.108241,1.9270594099948373
1725,138.0,LEU,HG,1.224,1.191,0.039,both,0.285,['HG'],0.0010889999999999947,0.013407202216066418
1726,138.0,LEU,N,116.671,117.363,0.08,both,2.31,['N'],0.4788639999999904,0.08974044714304275
1727,139.0,GLU,C,176.21,173.816,0.0,both,1.44,['C'],5.731236000000026,2.7639062500000127
1728,139.0,GLU,CA,61.8,60.529,0.178,both,0.9,['CA'],1.615440999999984,1.9943716049382516
1729,139.0,GLU,CB,28.095,27.774,0.065,both,1.0,['CB'],0.10304099999999869,0.10304099999999869
1730,139.0,GLU,CG,,35.857,0.034,right_only,,['CG'],,
1731,139.0,GLU,H,8.777999999999999,8.706,0.026,both,0.43,['HN'],0.005183999999999881,0.02803677663601883
1732,139.0,GLU,HA,3.989,4.351,0.007,both,0.24,['HA'],0.13104400000000008,2.275069444444446
1733,139.0,GLU,HB2,2.052,2.252,0.007,both,0.155,['HB1'],0.0399999999999999,1.6649323621227843
1734,139.0,GLU,HB3,2.052,2.251,0.007,both,0.155,['HB2'],0.039600999999999935,1.648324661810611
1735,139.0,GLU,HG2,2.3040000000000003,2.387,0.011,both,0.17600000000000002,['HG1'],0.006888999999999957,0.22239798553718865
1736,139.0,GLU,HG3,2.3040000000000003,2.388,0.011,both,0.17600000000000002,['HG2'],0.007055999999999938,0.22778925619834506
1737,139.0,GLU,N,119.251,121.917,0.067,both,2.31,['N'],7.107555999999983,1.3319757875601999
1738,140.0,PRO,C,178.03,179.159,0.0,both,1.44,['C'],1.274640999999979,0.6146995563271505
1739,140.0,PRO,CA,65.458,66.582,0.159,both,0.9,['CA'],1.2633759999999892,1.55972345679011
1740,140.0,PRO,CB,31.438000000000002,30.747,0.074,both,1.0,['CB'],0.47748100000000343,0.47748100000000343
1741,140.0,PRO,CD,,49.921,0.083,right_only,,['CD'],,
1742,140.0,PRO,CG,,28.697,0.08,right_only,,['CG'],,
1743,140.0,PRO,HA,4.225,4.234,0.006,both,0.24,['HA'],8.100000000000614e-05,0.0014062500000001066
1744,140.0,PRO,HB2,2.104,1.776,0.006,both,0.19699999999999998,['HB1'],0.10758400000000004,2.7721404828776848
1745,140.0,PRO,HB3,2.104,2.281,0.01,both,0.19699999999999998,['HB2'],0.03132900000000002,0.8072612022984366
1746,140.0,PRO,HD2,3.397,3.184,0.006,both,0.25,['HD1'],0.04536899999999985,0.7259039999999976
1747,140.0,PRO,HD3,3.397,3.607,0.01,both,0.25,['HD2'],0.044100000000000174,0.7056000000000028
1748,140.0,PRO,HG2,1.906,1.869,0.01,both,0.207,['HG1'],0.0013689999999999941,0.03194940372004001
1749,140.0,PRO,HG3,1.906,1.977,0.006,both,0.207,['HG2'],0.005041000000000025,0.11764568601367652
1750,141.0,TRP,C,177.815,179.411,0.004,both,1.44,['C'],2.5472160000000117,1.2284027777777835
1751,141.0,TRP,CA,60.585,62.205,0.077,both,0.9,['CA'],2.6243999999999916,3.2399999999999896
1752,141.0,TRP,CB,29.498,28.928,0.113,both,1.0,['CB'],0.3249000000000003,0.3249000000000003
1753,141.0,TRP,CD1,,126.298,0.046,right_only,,['CD1'],,
1754,141.0,TRP,CH2,,120.656,0.0,right_only,,['CH2'],,
1755,141.0,TRP,CZ2,,114.038,0.028,right_only,,['CZ2'],,
1756,141.0,TRP,H,7.237,7.195,0.004,both,0.43,['HN'],0.0017639999999999845,0.009540292049756543
1757,141.0,TRP,HA,4.246,3.855,0.006,both,0.24,['HA'],0.15288100000000035,2.654184027777784
1758,141.0,TRP,HB2,3.216,3.149,0.01,both,0.235,['HB1'],0.0044890000000000225,0.08128564961521091
1759,141.0,TRP,HB3,3.216,3.169,0.009,both,0.235,['HB2'],0.0022090000000000143,0.040000000000000265
1760,141.0,TRP,HD1,7.261,7.075,0.01,both,0.271,['HD1'],0.03459599999999998,0.47107201699323237
1761,141.0,TRP,HE1,10.138,9.523,0.003,both,0.545,['HE1'],0.37822500000000026,1.2733776618129793
1762,141.0,TRP,HE3,6.959,,,left_only,0.365,['HE3'],,
1763,141.0,TRP,HH2,6.122999999999999,5.405,0.004,both,0.285,['HH2'],0.5155239999999986,6.3468636503539395
1764,141.0,TRP,HZ2,7.306,6.972,0.015,both,0.289,['HZ2'],0.11155599999999975,1.3356640844817445
1765,141.0,TRP,HZ3,5.836,,,left_only,0.314,['HZ3'],,
1766,141.0,TRP,N,118.721,118.367,0.042,both,2.31,['N'],0.12531599999999943,0.02348456738067117
1767,141.0,TRP,NE1,,129.417,0.036,right_only,,['NE1'],,
1768,142.0,ILE,C,177.396,178.924,0.035,both,1.44,['C'],2.3347840000000613,1.1259567901234864
1769,142.0,ILE,CA,65.571,66.241,0.046,both,0.9,['CA'],0.4489000000000023,0.5541975308642003
1770,142.0,ILE,CB,37.902,38.314,0.073,both,1.0,['CB'],0.1697439999999992,0.1697439999999992
1771,142.0,ILE,CD1,,13.94,0.057,right_only,,['CD'],,
1772,142.0,ILE,CG1,,29.002,0.087,right_only,,['CG1'],,
1773,142.0,ILE,CG2,,16.26,0.091,right_only,,['CG2'],,
1774,142.0,ILE,H,8.462,8.511,0.006,both,0.43,['HN'],0.00240099999999995,0.012985397512168472
1775,142.0,ILE,HA,3.1839999999999997,2.891,0.007,both,0.24,['HA'],0.08584899999999983,1.4904340277777748
1776,142.0,ILE,HB,1.794,1.913,0.013,both,0.228,['HB'],0.014160999999999998,0.2724107417666974
1777,142.0,ILE,HD11,0.45399999999999996,0.635,0.004,right_only,0.20800000000000002,['HD1'],0.03276100000000002,0.7572346523668642
1778,142.0,ILE,HD12,0.45399999999999996,0.635,0.004,right_only,0.20800000000000002,['HD2'],0.03276100000000002,0.7572346523668642
1779,142.0,ILE,HD13,0.45399999999999996,0.635,0.004,right_only,0.20800000000000002,['HD3'],0.03276100000000002,0.7572346523668642
1780,142.0,ILE,HG12,1.18,0.476,0.013,both,0.235,['1HG1'],0.49561599999999995,8.974486192847442
1781,142.0,ILE,HG13,1.18,1.608,0.008,both,0.235,['2HG1'],0.18318400000000012,3.317048438207336
1782,142.0,ILE,HG21,0.436,0.457,0.005,right_only,0.19899999999999998,['1HG2'],0.0004410000000000008,0.011136082422161079
1783,142.0,ILE,HG22,0.436,0.457,0.005,right_only,0.19899999999999998,['2HG2'],0.0004410000000000008,0.011136082422161079
1784,142.0,ILE,HG23,0.436,0.457,0.005,right_only,0.19899999999999998,['3HG2'],0.0004410000000000008,0.011136082422161079
1785,142.0,ILE,N,119.779,122.553,0.055,both,2.31,['N'],7.695076000000005,1.4420786716890621
1786,143.0,GLN,C,178.584,179.455,0.003,both,1.44,['C'],0.7586410000000162,0.36585696373457577
1787,143.0,GLN,CA,58.928999999999995,58.567,0.097,both,0.9,['CA'],0.13104399999999622,0.16178271604937805
1788,143.0,GLN,CB,28.268,28.068,0.117,both,1.0,['CB'],0.039999999999999716,0.039999999999999716
1789,143.0,GLN,CD,,180.135,0.035,right_only,,['CD'],,
1790,143.0,GLN,CG,,33.582,0.101,right_only,,['CG'],,
1791,143.0,GLN,H,8.377,8.514,0.005,both,0.43,['HN'],0.018768999999999637,0.1015089237425616
1792,143.0,GLN,HA,3.96,3.92,0.008,both,0.24,['HA'],0.001600000000000003,0.02777777777777783
1793,143.0,GLN,HB2,2.094,2.042,0.01,both,0.17600000000000002,['HB1'],0.002704000000000005,0.0872933884297522
1794,143.0,GLN,HB3,2.094,2.126,0.008,both,0.17600000000000002,['HB2'],0.001024000000000002,0.03305785123966948
1795,143.0,GLN,HE21,,6.853,0.006,right_only,0.254,['1HE2'],,
1796,143.0,GLN,HE22,,8.008,0.01,right_only,0.254,['2HE2'],,
1797,143.0,GLN,HG2,2.331,2.531,0.007,both,0.193,['HG1'],0.04000000000000007,1.073854331659912
1798,143.0,GLN,HG3,2.331,2.531,0.007,both,0.193,['HG2'],0.04000000000000007,1.073854331659912
1799,143.0,GLN,N,118.512,116.777,0.073,both,2.31,['N'],3.010224999999998,0.5641245478907813
1800,143.0,GLN,NE2,,112.758,0.221,right_only,,['NE2'],,
1801,144.0,GLU,C,177.886,176.785,0.005,both,1.44,['C'],1.212200999999998,0.5845876736111102
1802,144.0,GLU,CA,58.381,57.902,0.076,both,0.9,['CA'],0.22944099999999923,0.2832604938271595
1803,144.0,GLU,CB,29.655,29.915,0.044,both,1.0,['CB'],0.06759999999999897,0.06759999999999897
1804,144.0,GLU,CG,,36.368,0.042,right_only,,['CG'],,
1805,144.0,GLU,H,7.572,7.646,0.005,both,0.43,['HN'],0.0054759999999999765,0.029616008653325997
1806,144.0,GLU,HA,3.991,4.084,0.003,both,0.24,['HA'],0.008648999999999912,0.15015624999999846
1807,144.0,GLU,HB2,1.881,1.826,0.015,both,0.155,['HB1'],0.003024999999999993,0.1259105098855356
1808,144.0,GLU,HB3,1.881,1.866,0.01,both,0.155,['HB2'],0.00022499999999999707,0.009365244536940565
1809,144.0,GLU,HG2,2.1719999999999997,2.137,0.008,both,0.17600000000000002,['HG1'],0.001224999999999979,0.03954674586776791
1810,144.0,GLU,HG3,2.1719999999999997,2.236,0.009,both,0.17600000000000002,['HG2'],0.004096000000000064,0.13223140495867972
1811,144.0,GLU,N,119.12799999999999,119.467,0.03,both,2.31,['N'],0.11492100000000871,0.021536515432620962
1812,145.0,ASN,C,175.378,173.89,0.008,both,1.44,['C'],2.214143999999999,1.0677777777777773
1813,145.0,ASN,CA,54.175,53.652,0.077,both,0.9,['CA'],0.27352899999999597,0.3376901234567851
1814,145.0,ASN,CB,39.286,38.204,0.088,both,1.0,['CB'],1.1707240000000017,1.1707240000000017
1815,145.0,ASN,H,7.702999999999999,7.195,0.005,both,0.43,['HN'],0.2580639999999991,1.395694970254187
1816,145.0,ASN,HA,4.37,4.454,0.007,both,0.24,['HA'],0.007055999999999938,0.12249999999999893
1817,145.0,ASN,HB2,2.318,0.979,0.025,both,0.185,['HB1'],1.792921,52.38629656683711
1818,145.0,ASN,HB3,2.318,2.22,0.017,both,0.185,['HB2'],0.009603999999999974,0.2806135865595317
1819,145.0,ASN,HD21,6.207999999999999,5.899,0.005,both,0.301,['1HD2'],0.09548099999999955,1.0538625401485586
1820,145.0,ASN,HD22,6.207999999999999,6.144,0.031,both,0.301,['2HD2'],0.004095999999999894,0.045209214026334085
1821,145.0,ASN,N,115.39,116.904,0.052,both,2.31,['N'],2.2921959999999872,0.4295639137197555
1822,145.0,ASN,ND2,,115.385,0.053,right_only,,['ND2'],,
1823,146.0,GLY,C,174.808,175.977,0.0,both,1.44,['C'],1.3665610000000261,0.6590282600308768
1824,146.0,GLY,CA,45.24100000000001,45.723,0.038,both,0.9,['CA'],0.23232399999999248,0.28681975308641044
1825,146.0,GLY,H,7.725,7.438,0.01,both,0.43,['HN'],0.08236899999999996,0.44547863710113556
1826,146.0,GLY,HA2,4.1610000000000005,3.716,0.005,both,,['HA1'],0.19802500000000026,
1827,146.0,GLY,HA3,4.1610000000000005,4.514,0.013,both,,['HA2'],0.12460899999999983,
1828,146.0,GLY,N,108.186,105.175,0.085,both,2.31,['N'],9.06612100000006,1.6990163227825676
1829,147.0,GLY,C,173.769,173.367,0.0,both,1.44,['C'],0.16160400000001224,0.07793402777778369
1830,147.0,GLY,CA,44.299,44.532,0.1,both,0.9,['CA'],0.054288999999998595,0.06702345679012171
1831,147.0,GLY,H,8.232999999999999,8.58,0.003,both,0.43,['HN'],0.1204090000000009,0.651211465657117
1832,147.0,GLY,HA2,4.091,3.666,0.011,both,,['HA1'],0.18062500000000023,
1833,147.0,GLY,HA3,4.091,4.515,0.008,both,,['HA2'],0.17977599999999958,
1834,147.0,GLY,N,107.456,108.769,0.051,both,2.31,['N'],1.7239690000000063,0.32307659151815116
1835,148.0,TRP,C,177.52900000000002,178.434,0.002,both,1.44,['C'],0.8190249999999506,0.3949773341049145
1836,148.0,TRP,CA,59.45399999999999,60.558,0.082,both,0.9,['CA'],1.2188160000000139,1.5047111111111282
1837,148.0,TRP,CB,29.864,29.872,0.108,both,1.0,['CB'],6.39999999999859e-05,6.39999999999859e-05
1838,148.0,TRP,CD1,,126.81,0.084,right_only,,['CD1'],,
1839,148.0,TRP,CE3,,124.238,0.0,right_only,,['CE3'],,
1840,148.0,TRP,CH2,,123.075,0.009,right_only,,['CH2'],,
1841,148.0,TRP,CZ2,,113.816,0.036,right_only,,['CZ2'],,
1842,148.0,TRP,H,8.697000000000001,8.715,0.004,both,0.43,['HN'],0.0003239999999999606,0.0017522985397510039
1843,148.0,TRP,HA,4.601,4.431,0.01,both,0.24,['HA'],0.028899999999999974,0.5017361111111107
1844,148.0,TRP,HB2,3.303,3.13,0.008,both,0.235,['HB1'],0.029929000000000015,0.5419465821638754
1845,148.0,TRP,HB3,3.303,3.531,0.008,both,0.235,['HB2'],0.05198400000000009,0.9413128112268012
1846,148.0,TRP,HD1,7.409,7.466,0.015,both,0.271,['HD1'],0.003249000000000044,0.04423959368745038
1847,148.0,TRP,HE1,10.401,10.575,0.004,both,0.545,['HE1'],0.03027599999999982,0.10193081390455287
1848,148.0,TRP,HE3,7.541,7.234,0.045,both,0.365,['HE3'],0.09424900000000024,0.7074422968662056
1849,148.0,TRP,HH2,7.069,6.798,0.01,both,0.285,['HH2'],0.07344099999999995,0.9041674361341946
1850,148.0,TRP,HZ2,7.587999999999999,7.269,0.006,both,0.289,['HZ2'],0.10176099999999941,1.2183881897965712
1851,148.0,TRP,HZ3,6.829,7.164,0.015,both,0.314,['HZ3'],0.11222499999999998,1.1382307598685542
1852,148.0,TRP,N,119.735,118.433,0.025,both,2.31,['N'],1.6952039999999804,0.31768595041321945
1853,148.0,TRP,NE1,,129.156,0.056,right_only,,['NE1'],,
1854,149.0,ASP,C,178.27900000000002,179.629,0.011,both,1.44,['C'],1.8224999999999079,0.8789062499999556
1855,149.0,ASP,CA,57.082,57.85,0.063,both,0.9,['CA'],0.589824000000001,0.728177777777779
1856,149.0,ASP,CB,39.742,40.379,0.097,both,1.0,['CB'],0.4057690000000006,0.4057690000000006
1857,149.0,ASP,H,8.38,8.897,0.004,both,0.43,['HN'],0.26728899999999944,1.4455868036776607
1858,149.0,ASP,HA,4.409,4.446,0.011,both,0.24,['HA'],0.0013689999999999941,0.02376736111111101
1859,149.0,ASP,HB2,2.717,2.706,0.014,both,0.165,['HB1'],0.00012100000000000266,0.004444444444444542
1860,149.0,ASP,HB3,2.717,2.706,0.014,both,0.165,['HB2'],0.00012100000000000266,0.004444444444444542
1861,149.0,ASP,N,119.34,118.214,0.056,both,2.31,['N'],1.2678760000000107,0.23760349318791077
1862,150.0,THR,C,176.158,175.22,0.013,both,1.44,['C'],0.8798439999999779,0.4243074845678906
1863,150.0,THR,CA,65.623,66.376,0.162,both,0.9,['CA'],0.5670090000000002,0.7000111111111114
1864,150.0,THR,CB,68.477,68.344,0.162,both,1.0,['CB'],0.017689000000002602,0.017689000000002602
1865,150.0,THR,CG2,,22.629,0.053,right_only,,['CG2'],,
1866,150.0,THR,H,7.712999999999999,7.632,0.007,both,0.43,['HN'],0.006560999999999922,0.035484045429961725
1867,150.0,THR,HA,4.065,4.01,0.004,both,0.24,['HA'],0.0030250000000000663,0.052517361111112264
1868,150.0,THR,HB,4.349,4.447,0.013,both,0.247,['HB'],0.009603999999999974,0.15741939713812672
1869,150.0,THR,HG21,1.359,1.454,0.005,right_only,0.146,['1HG2'],0.009024999999999995,0.423390880090073
1870,150.0,THR,HG22,1.359,1.454,0.005,right_only,0.146,['2HG2'],0.009024999999999995,0.423390880090073
1871,150.0,THR,HG23,1.359,1.454,0.005,right_only,0.146,['3HG2'],0.009024999999999995,0.423390880090073
1872,150.0,THR,N,116.09700000000001,117.183,0.056,both,2.31,['N'],1.1793959999999968,0.22102209478832796
1873,151.0,PHE,C,176.702,176.703,0.013,both,1.44,['C'],1.0000000000095496e-06,4.822530864243584e-07
1874,151.0,PHE,CA,60.82,61.847,0.046,both,0.9,['CA'],1.054729000000002,1.302134567901237
1875,151.0,PHE,CB,39.294000000000004,37.952,0.07,both,1.0,['CB'],1.8009640000000158,1.8009640000000158
1876,151.0,PHE,CD1,,131.221,0.05,right_only,,['CD1'],,
1877,151.0,PHE,CD2,,131.221,0.05,right_only,,['CD2'],,
1878,151.0,PHE,CE1,,130.297,0.201,right_only,,['CE1'],,
1879,151.0,PHE,CE2,,130.297,0.201,right_only,,['CE2'],,
1880,151.0,PHE,CZ,,128.291,0.082,right_only,,['CZ'],,
1881,151.0,PHE,H,7.52,6.638,0.004,both,0.43,['HN'],0.7779239999999994,4.207268793942669
1882,151.0,PHE,HA,3.795,4.423,0.012,both,0.24,['HA'],0.3943840000000001,6.846944444444447
1883,151.0,PHE,HB2,2.688,3.107,0.009,both,0.213,['HB1'],0.17556100000000002,3.869624633560361
1884,151.0,PHE,HB3,2.688,3.196,0.012,both,0.213,['HB2'],0.258064,5.688113028720052
1885,151.0,PHE,HD1,6.917000000000001,6.813,0.01,right_only,0.245,['HD1'],0.010816000000000204,0.18019158683882058
1886,151.0,PHE,HD2,6.917000000000001,6.813,0.01,right_only,0.245,['HD2'],0.010816000000000204,0.18019158683882058
1887,151.0,PHE,HE1,7.002000000000001,6.68,0.026,right_only,0.281,['HE1'],0.10368400000000061,1.3131039373868187
1888,151.0,PHE,HE2,7.002000000000001,6.68,0.026,right_only,0.281,['HE2'],0.10368400000000061,1.3131039373868187
1889,151.0,PHE,HZ,6.857,6.575,0.003,both,0.322,['HZ'],0.07952400000000001,0.766984298445276
1890,151.0,PHE,N,122.947,122.603,0.07,both,2.31,['N'],0.11833600000000571,0.02217649594273078
1891,152.0,VAL,C,177.854,178.313,0.004,both,1.44,['C'],0.21068099999997683,0.10160156249998883
1892,152.0,VAL,CA,65.633,66.78,0.036,both,0.9,['CA'],1.3156090000000127,1.624208641975324
1893,152.0,VAL,CB,31.36,31.889,0.116,both,1.0,['CB'],0.2798409999999999,0.2798409999999999
1894,152.0,VAL,CG1,,21.72,0.18,right_only,,['CG1'],,
1895,152.0,VAL,CG2,,24.657,0.052,right_only,,['CG2'],,
1896,152.0,VAL,H,8.097000000000001,7.84,0.032,both,0.43,['HN'],0.06604900000000075,0.35721471065441185
1897,152.0,VAL,HA,3.657,3.065,0.006,both,0.24,['HA'],0.3504640000000001,6.084444444444446
1898,152.0,VAL,HB,2.225,2.19,0.013,both,0.212,['HB'],0.00122500000000001,0.02725614097543632
1899,152.0,VAL,HG11,0.904,0.892,0.009,right_only,0.214,['1HG1'],0.00014400000000000025,0.0031443794217835674
1900,152.0,VAL,HG12,0.904,0.892,0.009,right_only,0.214,['2HG1'],0.00014400000000000025,0.0031443794217835674
1901,152.0,VAL,HG13,0.904,0.892,0.009,right_only,0.214,['3HG1'],0.00014400000000000025,0.0031443794217835674
1902,152.0,VAL,HG21,0.904,1.137,0.007,right_only,0.23600000000000002,['1HG2'],0.05428899999999999,0.9747378626831367
1903,152.0,VAL,HG22,0.904,1.137,0.007,right_only,0.23600000000000002,['2HG2'],0.05428899999999999,0.9747378626831367
1904,152.0,VAL,HG23,0.904,1.137,0.007,right_only,0.23600000000000002,['3HG2'],0.05428899999999999,0.9747378626831367
1905,152.0,VAL,N,117.993,117.675,0.148,both,2.31,['N'],0.10112399999999863,0.018950919210659212
1906,153.0,GLU,C,177.727,178.157,0.033,both,1.44,['C'],0.18490000000000587,0.08916859567901518
1907,153.0,GLU,CA,58.303000000000004,59.292,0.054,both,0.9,['CA'],0.9781209999999945,1.2075567901234499
1908,153.0,GLU,CB,29.685,29.569,0.042,both,1.0,['CB'],0.013455999999999921,0.013455999999999921
1909,153.0,GLU,CG,,36.032,0.0,right_only,,['CG'],,
1910,153.0,GLU,H,7.601,7.484,0.018,both,0.43,['HN'],0.013688999999999998,0.0740346133044889
1911,153.0,GLU,HA,4.0760000000000005,3.925,0.009,both,0.24,['HA'],0.022801000000000207,0.39585069444444804
1912,153.0,GLU,HB2,2.024,,,left_only,0.155,['HB1'],,
1913,153.0,GLU,HB3,2.024,,,left_only,0.155,['HB2'],,
1914,153.0,GLU,HG2,2.274,2.179,0.028,both,0.17600000000000002,['HG1'],0.009025000000000036,0.2913545971074391
1915,153.0,GLU,HG3,2.274,2.345,0.012,both,0.17600000000000002,['HG2'],0.005041000000000025,0.16273889462809993
1916,153.0,GLU,N,119.399,120.159,0.09,both,2.31,['N'],0.5776000000000078,0.10824384850359021
1917,154.0,LEU,C,177.24200000000002,178.563,0.101,both,1.44,['C'],1.7450409999999195,0.8415514081789736
1918,154.0,LEU,CA,56.511,56.844,0.066,both,0.9,['CA'],0.11088899999999895,0.1368999999999987
1919,154.0,LEU,CB,42.933,43.739,0.067,both,1.0,['CB'],0.6496359999999958,0.6496359999999958
1920,154.0,LEU,CD1,,23.239,0.075,right_only,,['CD1'],,
1921,154.0,LEU,CD2,,25.699,0.103,right_only,,['CD2'],,
1922,154.0,LEU,H,7.275,7.701,0.019,both,0.43,['HN'],0.1814759999999994,0.9814818820984283
1923,154.0,LEU,HA,4.016,4.054,0.005,both,0.24,['HA'],0.0014440000000000195,0.025069444444444783
1924,154.0,LEU,HB2,1.359,1.102,0.014,both,0.191,['HB1'],0.06604899999999994,1.810504098023627
1925,154.0,LEU,HB3,1.359,1.545,0.026,both,0.191,['HB2'],0.03459599999999998,0.9483292672898216
1926,154.0,LEU,HD11,0.7909999999999999,0.868,0.009,right_only,0.25,['1HD1'],0.005929000000000011,0.09486400000000017
1927,154.0,LEU,HD12,0.7909999999999999,0.868,0.009,right_only,0.25,['2HD1'],0.005929000000000011,0.09486400000000017
1928,154.0,LEU,HD13,0.7909999999999999,0.868,0.009,right_only,0.25,['3HD1'],0.005929000000000011,0.09486400000000017
1929,154.0,LEU,HD21,0.7909999999999999,0.885,0.01,right_only,0.237,['1HD2'],0.008836000000000016,0.1573109722444768
1930,154.0,LEU,HD22,0.7909999999999999,0.885,0.01,right_only,0.237,['2HD2'],0.008836000000000016,0.1573109722444768
1931,154.0,LEU,HD23,0.7909999999999999,0.885,0.01,right_only,0.237,['3HD2'],0.008836000000000016,0.1573109722444768
1932,154.0,LEU,HG,1.344,,,left_only,0.285,['HG'],,
1933,154.0,LEU,N,117.949,117.518,0.099,both,2.31,['N'],0.18576099999999773,0.03481212870823218
1934,155.0,TYR,C,175.86700000000002,176.835,0.031,both,1.44,['C'],0.9370239999999793,0.45188271604937275
1935,155.0,TYR,CA,57.907,59.639,0.153,both,0.9,['CA'],2.999824000000022,3.7034864197531134
1936,155.0,TYR,CB,40.076,38.891,0.058,both,1.0,['CB'],1.4042250000000054,1.4042250000000054
1937,155.0,TYR,CD1,,133.249,0.036,right_only,,['CD1'],,
1938,155.0,TYR,CD2,,133.249,0.036,right_only,,['CD2'],,
1939,155.0,TYR,CE1,,117.361,0.044,right_only,,['CE1'],,
1940,155.0,TYR,CE2,,117.361,0.044,right_only,,['CE2'],,
1941,155.0,TYR,H,8.021,8.21,0.004,both,0.43,['HN'],0.035721000000000024,0.1931909140075718
1942,155.0,TYR,HA,4.468999999999999,4.227,0.006,both,0.24,['HA'],0.05856399999999957,1.0167361111111037
1943,155.0,TYR,HB2,2.401,1.774,0.029,both,0.23,['HB1'],0.39312899999999973,7.431550094517953
1944,155.0,TYR,HB3,2.401,2.714,0.008,both,0.23,['HB2'],0.0979690000000001,1.8519659735349734
1945,155.0,TYR,HD1,6.752000000000001,6.847,0.005,right_only,0.244,['HD1'],0.009024999999999953,0.1515889545821008
1946,155.0,TYR,HD2,6.752000000000001,6.847,0.005,right_only,0.244,['HD2'],0.009024999999999953,0.1515889545821008
1947,155.0,TYR,HE1,6.872999999999999,6.806,0.004,right_only,0.193,['HE1'],0.004488999999999904,0.12051330237053083
1948,155.0,TYR,HE2,6.872999999999999,6.806,0.004,right_only,0.193,['HE2'],0.004488999999999904,0.12051330237053083
1949,155.0,TYR,N,115.227,116.466,0.304,both,2.31,['N'],1.5351209999999755,0.28768595041321854
1950,156.0,GLY,C,174.352,173.893,0.043,both,1.44,['C'],0.21068100000000292,0.10160156250000141
1951,156.0,GLY,CA,44.757,45.627,0.076,both,0.9,['CA'],0.7569000000000079,0.9344444444444542
1952,156.0,GLY,H,7.691,8.125,0.015,both,0.43,['HN'],0.18835600000000013,1.0186911844240139
1953,156.0,GLY,HA2,4.037,3.763,0.011,both,,['HA1'],0.07507600000000002,
1954,156.0,GLY,HA3,4.037,4.094,0.022,both,,['HA2'],0.003249000000000044,
1955,156.0,GLY,N,106.402,108.677,0.059,both,2.31,['N'],5.175625000000026,0.9699265381083612
1956,157.0,ASN,C,177.017,175.436,0.005,both,1.44,['C'],2.499560999999965,1.2054210069444276
1957,157.0,ASN,CA,55.861999999999995,53.482,0.03,both,0.9,['CA'],5.664399999999978,6.993086419753059
1958,157.0,ASN,CB,38.408,38.726,0.08,both,1.0,['CB'],0.10112399999999863,0.10112399999999863
1959,157.0,ASN,H,8.842,8.429,0.015,both,0.43,['HN'],0.17056900000000022,0.9224932395889683
1960,157.0,ASN,HA,4.3389999999999995,4.64,0.013,both,0.24,['HA'],0.0906010000000001,1.5729340277777795
1961,157.0,ASN,HB2,2.8680000000000003,2.851,0.015,both,0.185,['HB1'],0.00028900000000001185,0.008444119795471494
1962,157.0,ASN,HB3,2.8680000000000003,2.849,0.018,both,0.185,['HB2'],0.00036100000000000487,0.01054784514243988
1963,157.0,ASN,HD21,7.256,,,left_only,0.301,['1HD2'],,
1964,157.0,ASN,HD22,7.256,,,left_only,0.301,['2HD2'],,
1965,157.0,ASN,N,119.098,118.537,0.082,both,2.31,['N'],0.314720999999992,0.05897959183673319
1966,158.0,ASN,C,176.72299999999998,175.574,0.016,both,1.44,['C'],1.3202009999999367,0.6366710069444139
1967,158.0,ASN,CA,55.135,53.845,0.018,both,0.9,['CA'],1.6640999999999977,2.0544444444444414
1968,158.0,ASN,CB,38.126,38.841,0.039,both,1.0,['CB'],0.5112250000000049,0.5112250000000049
1969,158.0,ASN,H,8.335,8.444,0.024,both,0.43,['HN'],0.011880999999999997,0.064256354786371
1970,158.0,ASN,HA,4.525,4.634,0.008,both,0.24,['HA'],0.011880999999999997,0.20626736111111107
1971,158.0,ASN,HB2,2.804,2.793,0.0,both,0.185,['HB1'],0.00012099999999999289,0.0035354273192108954
1972,158.0,ASN,HB3,2.804,2.793,0.0,both,0.185,['HB2'],0.00012099999999999289,0.0035354273192108954
1973,158.0,ASN,HD21,7.242000000000001,6.892,0.047,both,0.301,['1HD2'],0.12250000000000037,1.3520822065981655
1974,158.0,ASN,HD22,7.242000000000001,7.647,0.009,both,0.301,['2HD2'],0.16402499999999948,1.810410481120512
1975,158.0,ASN,N,117.229,119.251,0.075,both,2.31,['N'],4.088484000000022,0.7661932872322524
1976,158.0,ASN,ND2,,112.952,0.204,right_only,,['ND2'],,
1977,159.0,ALA,C,179.334,178.451,0.036,both,1.44,['C'],0.7796890000000173,0.3760074266975392
1978,159.0,ALA,CA,54.538999999999994,53.732,0.046,both,0.9,['CA'],0.651248999999992,0.8040111111111011
1979,159.0,ALA,CB,18.26,18.793,0.064,both,1.0,['CB'],0.28408899999999754,0.28408899999999754
1980,159.0,ALA,H,7.519,8.216,0.008,both,0.43,['HN'],0.4858089999999988,2.627414818820978
1981,159.0,ALA,HA,4.1080000000000005,4.185,0.008,both,0.24,['HA'],0.005928999999999856,0.10293402777777529
1982,159.0,ALA,HB1,1.212,1.381,0.007,right_only,0.15,['HB1'],0.028561000000000013,1.2693777777777784
1983,159.0,ALA,HB2,1.212,1.381,0.007,right_only,0.15,['HB2'],0.028561000000000013,1.2693777777777784
1984,159.0,ALA,HB3,1.212,1.381,0.007,right_only,0.15,['HB3'],0.028561000000000013,1.2693777777777784
1985,159.0,ALA,N,123.059,123.557,0.042,both,2.31,['N'],0.24800400000000464,0.04647664024287488
1986,160.0,ALA,C,179.625,178.493,0.085,both,1.44,['C'],1.2814240000000112,0.6179706790123511
1987,160.0,ALA,CA,54.62,53.131,0.031,both,0.9,['CA'],2.2171209999999917,2.7371864197530758
1988,160.0,ALA,CB,17.997,18.623,0.037,both,1.0,['CB'],0.39187600000000156,0.39187600000000156
1989,160.0,ALA,H,7.749,8.159,0.008,both,0.43,['HN'],0.16810000000000083,0.9091400757166082
1990,160.0,ALA,HA,4.126,4.236,0.012,both,0.24,['HA'],0.012099999999999875,0.21006944444444228
1991,160.0,ALA,HB1,1.443,1.406,0.005,right_only,0.15,['HB1'],0.0013690000000000106,0.060844444444444916
1992,160.0,ALA,HB2,1.443,1.406,0.005,right_only,0.15,['HB2'],0.0013690000000000106,0.060844444444444916
1993,160.0,ALA,HB3,1.443,1.406,0.005,right_only,0.15,['HB3'],0.0013690000000000106,0.060844444444444916
1994,160.0,ALA,N,120.60700000000001,121.918,0.1,both,2.31,['N'],1.7187209999999813,0.3220931017034878
1995,161.0,ALA,C,180.02900000000002,178.993,0.052,both,1.44,['C'],1.0732960000000618,0.5176003086420051
1996,161.0,ALA,CA,54.763000000000005,53.807,0.048,both,0.9,['CA'],0.9139360000000059,1.1283160493827231
1997,161.0,ALA,CB,17.899,18.845,0.069,both,1.0,['CB'],0.8949159999999962,0.8949159999999962
1998,161.0,ALA,H,7.899,8.054,0.002,both,0.43,['HN'],0.024025000000000078,0.1299351000540837
1999,161.0,ALA,HA,4.159,4.16,0.008,both,0.24,['HA'],1.0000000000006678e-06,1.7361111111122705e-05
2000,161.0,ALA,HB1,1.476,1.413,0.004,right_only,0.15,['HB1'],0.003968999999999993,0.17639999999999972
2001,161.0,ALA,HB2,1.476,1.413,0.004,right_only,0.15,['HB2'],0.003968999999999993,0.17639999999999972
2002,161.0,ALA,HB3,1.476,1.413,0.004,right_only,0.15,['HB3'],0.003968999999999993,0.17639999999999972
2003,161.0,ALA,N,120.639,122.552,0.055,both,2.31,['N'],3.6595690000000416,0.6858134217874555
2004,162.0,GLU,C,179.25599999999997,177.63,0.023,both,1.44,['C'],2.6438759999999233,1.2750173611110742
2005,162.0,GLU,CA,58.985,57.788,0.059,both,0.9,['CA'],1.4328090000000064,1.768900000000008
2006,162.0,GLU,CB,29.045,29.767,0.031,both,1.0,['CB'],0.5212839999999967,0.5212839999999967
2007,162.0,GLU,CG,,36.148,0.0,right_only,,['CG'],,
2008,162.0,GLU,H,7.957999999999999,8.33,0.003,both,0.43,['HN'],0.1383840000000006,0.748426176311523
2009,162.0,GLU,HA,4.126,4.175,0.012,both,0.24,['HA'],0.00240099999999995,0.04168402777777691
2010,162.0,GLU,HB2,2.055,2.287,0.001,both,0.155,['HB1'],0.05382399999999989,2.24033298647242
2011,162.0,GLU,HB3,2.055,2.287,0.001,both,0.155,['HB2'],0.05382399999999989,2.24033298647242
2012,162.0,GLU,HG2,2.278,2.288,0.001,both,0.17600000000000002,['HG1'],9.999999999999574e-05,0.0032283057851238287
2013,162.0,GLU,HG3,2.278,2.288,0.001,both,0.17600000000000002,['HG2'],9.999999999999574e-05,0.0032283057851238287
2014,162.0,GLU,N,118.104,118.709,0.087,both,2.31,['N'],0.3660250000000048,0.06859410430839093
2015,163.0,SER,C,176.78400000000002,175.241,0.028,both,1.44,['C'],2.3808490000000195,1.1481717785493921
2016,163.0,SER,CA,60.958999999999996,59.419,0.053,both,0.9,['CA'],2.3715999999999973,2.927901234567898
2017,163.0,SER,CB,63.07899999999999,63.456,0.072,both,1.0,['CB'],0.1421290000000072,0.1421290000000072
2018,163.0,SER,H,7.978,8.122,0.003,both,0.43,['HN'],0.020736000000000036,0.11214710654407808
2019,163.0,SER,HA,4.2860000000000005,4.378,0.01,both,0.24,['HA'],0.008463999999999933,0.1469444444444433
2020,163.0,SER,HB2,3.95,3.929,0.002,both,0.22399999999999998,['HB1'],0.0004410000000000148,0.008789062500000297
2021,163.0,SER,HB3,3.95,3.929,0.001,both,0.22399999999999998,['HB2'],0.0004410000000000148,0.008789062500000297
2022,163.0,SER,N,115.492,115.336,0.046,both,2.31,['N'],0.024336000000001846,0.004560634171024127
2023,164.0,ARG,C,178.41400000000002,176.812,0.018,both,1.44,['C'],2.5664040000000123,1.2376562500000061
2024,164.0,ARG,CA,58.525,56.772,0.038,both,0.9,['CA'],3.0730090000000003,3.7938382716049386
2025,164.0,ARG,CB,29.686999999999998,30.508,0.068,both,1.0,['CB'],0.6740410000000024,0.6740410000000024
2026,164.0,ARG,CD,,43.423,0.0,right_only,,['CD'],,
2027,164.0,ARG,CG,,27.484,0.0,right_only,,['CG'],,
2028,164.0,ARG,H,8.006,8.054,0.002,both,0.43,['HN'],0.002304000000000004,0.012460789616008676
2029,164.0,ARG,HA,4.152,4.328,0.0,both,0.24,['HA'],0.030976000000000056,0.5377777777777788
2030,164.0,ARG,HB2,1.929,1.857,0.0,both,0.20199999999999999,['HB1'],0.005184000000000009,0.12704636800313718
2031,164.0,ARG,HB3,1.929,1.857,0.0,both,0.20199999999999999,['HB2'],0.005184000000000009,0.12704636800313718
2032,164.0,ARG,HD2,3.14,3.17,0.0,both,0.21,['HD1'],0.0008999999999999883,0.02040816326530586
2033,164.0,ARG,HD3,3.14,3.17,0.0,both,0.21,['HD2'],0.0008999999999999883,0.02040816326530586
2034,164.0,ARG,HE,7.3020000000000005,,,left_only,,['HE'],,
2035,164.0,ARG,HG2,1.6219999999999999,1.655,0.0,both,0.207,['HG1'],0.0010890000000000092,0.025414828817475536
2036,164.0,ARG,HG3,1.6219999999999999,1.655,0.0,both,0.207,['HG2'],0.0010890000000000092,0.025414828817475536
2037,164.0,ARG,N,122.26799999999999,121.905,0.06,both,2.31,['N'],0.13176899999998934,0.02469387755101841
2038,165.0,LYS,C,178.893,177.58,0.051,both,1.44,['C'],1.723968999999969,0.8313893711419604
2039,165.0,LYS,CA,58.23,57.272,0.03,both,0.9,['CA'],0.9177639999999969,1.133041975308638
2040,165.0,LYS,CB,31.676,32.845,0.046,both,1.0,['CB'],1.366561000000001,1.366561000000001
2041,165.0,LYS,CD,,29.359,0.07,right_only,,['CD'],,
2042,165.0,LYS,CG,,25.049,0.055,right_only,,['CG'],,
2043,165.0,LYS,H,7.974,8.111,0.002,both,0.43,['HN'],0.018769000000000126,0.10150892374256423
2044,165.0,LYS,HA,4.176,4.247,0.0,both,0.24,['HA'],0.005040999999999961,0.08751736111111044
2045,165.0,LYS,HB2,1.876,1.834,0.0,both,0.18,['HB1'],0.0017639999999999845,0.05444444444444397
2046,165.0,LYS,HB3,1.876,1.834,0.0,both,0.18,['HB2'],0.0017639999999999845,0.05444444444444397
2047,165.0,LYS,HD2,1.62,1.664,0.027,both,0.205,['HD1'],0.001935999999999984,0.04606781677572836
2048,165.0,LYS,HD3,1.62,1.664,0.027,both,0.205,['HD2'],0.001935999999999984,0.04606781677572836
2049,165.0,LYS,HE2,,2.978,0.008,right_only,0.204,['HE1'],,
2050,165.0,LYS,HE3,,2.978,0.008,right_only,0.204,['HE2'],,
2051,165.0,LYS,HG2,1.462,1.45,0.0,both,0.19699999999999998,['HG1'],0.00014400000000000025,0.003710479527944556
2052,165.0,LYS,HG3,1.462,1.45,0.0,both,0.19699999999999998,['HG2'],0.00014400000000000025,0.003710479527944556
2053,165.0,LYS,N,119.00200000000001,121.165,0.044,both,2.31,['N'],4.678568999999985,0.8767768595041294
2054,166.0,GLY,C,175.517,174.696,0.0,both,1.44,['C'],0.6740409999999967,0.3250583526234552
2055,166.0,GLY,CA,46.185,45.691,0.043,both,0.9,['CA'],0.24403599999999978,0.3012790123456787
2056,166.0,GLY,H,7.885,8.444,0.003,both,0.43,['HN'],0.3124810000000012,1.6900000000000066
2057,166.0,GLY,HA2,3.9560000000000004,3.975,0.001,both,,['HA1'],0.00036099999999998796,
2058,166.0,GLY,HA3,3.9560000000000004,3.975,0.001,both,,['HA2'],0.00036099999999998796,
2059,166.0,GLY,N,107.367,109.466,0.04,both,2.31,['N'],4.405800999999956,0.8256593766983295
2060,167.0,GLN,C,177.232,176.093,0.054,both,1.44,['C'],1.2973210000000228,0.6256370563271715
2061,167.0,GLN,CA,57.173,56.161,0.108,both,0.9,['CA'],1.0241440000000008,1.2643753086419762
2062,167.0,GLN,CB,28.91,29.403,0.027,both,1.0,['CB'],0.24304899999999857,0.24304899999999857
2063,167.0,GLN,CD,,180.515,0.001,right_only,,['CD'],,
2064,167.0,GLN,CG,,33.791,0.065,right_only,,['CG'],,
2065,167.0,GLN,H,7.73,8.143,0.01,both,0.43,['HN'],0.17056900000000022,0.9224932395889683
2066,167.0,GLN,HA,4.2330000000000005,4.342,0.001,both,0.24,['HA'],0.011880999999999803,0.2062673611111077
2067,167.0,GLN,HB2,2.121,2.06,0.002,both,0.17600000000000002,['HB1'],0.003720999999999993,0.12012525826446256
2068,167.0,GLN,HB3,2.121,2.143,0.001,both,0.17600000000000002,['HB2'],0.0004839999999999911,0.01562499999999971
2069,167.0,GLN,HE21,,6.859,0.006,right_only,0.254,['1HE2'],,
2070,167.0,GLN,HE22,,7.567,0.002,right_only,0.254,['2HE2'],,
2071,167.0,GLN,HG2,2.386,2.364,0.003,both,0.193,['HG1'],0.0004840000000000106,0.012993637413085199
2072,167.0,GLN,HG3,2.386,2.364,0.003,both,0.193,['HG2'],0.0004840000000000106,0.012993637413085199
2073,167.0,GLN,N,120.26100000000001,119.704,0.121,both,2.31,['N'],0.31024900000001826,0.058141526583088445
2074,167.0,GLN,NE2,,111.916,0.201,right_only,,['NE2'],,
2075,168.0,GLU,C,177.176,176.75,0.022,both,1.44,['C'],0.18147599999998953,0.08751736111110607
2076,168.0,GLU,CA,57.336000000000006,57.344,0.036,both,0.9,['CA'],6.399999999992906e-05,7.901234567892477e-05
2077,168.0,GLU,CB,29.607,29.99,0.072,both,1.0,['CB'],0.14668899999999932,0.14668899999999932
2078,168.0,GLU,CG,,36.316,0.0,right_only,,['CG'],,
2079,168.0,GLU,H,7.805,8.526,0.005,both,0.43,['HN'],0.5198410000000001,2.8114710654407795
2080,168.0,GLU,HA,4.2669999999999995,4.224,0.0,both,0.24,['HA'],0.0018489999999999364,0.03210069444444334
2081,168.0,GLU,HB2,2.033,1.933,0.0,both,0.155,['HB1'],0.009999999999999974,0.41623309053069607
2082,168.0,GLU,HB3,2.033,2.052,0.0,both,0.155,['HB2'],0.00036100000000000487,0.01502601456815837
2083,168.0,GLU,HG2,2.289,2.292,0.0,both,0.17600000000000002,['HG1'],8.999999999998018e-06,0.00029054752066109296
2084,168.0,GLU,HG3,2.289,2.292,0.0,both,0.17600000000000002,['HG2'],8.999999999998018e-06,0.00029054752066109296
2085,168.0,GLU,N,118.381,121.765,0.098,both,2.31,['N'],11.451456000000002,2.1460347444763035
2086,169.0,ARG,C,,177.587,0.047,right_only,1.44,['C'],,
2087,169.0,ARG,CA,,56.338,0.037,right_only,0.9,['CA'],,
2088,169.0,ARG,CB,,30.516,0.087,right_only,1.0,['CB'],,
2089,169.0,ARG,CD,,43.433,0.015,right_only,,['CD'],,
2090,169.0,ARG,CG,,27.291,0.066,right_only,,['CG'],,
2091,169.0,ARG,H,,8.284,0.003,right_only,0.43,['HN'],,
2092,169.0,ARG,HA,,4.291,0.008,right_only,0.24,['HA'],,
2093,169.0,ARG,HB2,1.876,1.778,0.005,both,0.20199999999999999,['HB1'],0.009603999999999974,0.2353690814626011
2094,169.0,ARG,HB3,1.876,1.778,0.005,both,0.20199999999999999,['HB2'],0.009603999999999974,0.2353690814626011
2095,169.0,ARG,HD2,3.15,3.171,0.009,both,0.21,['HD1'],0.00044099999999999614,0.009999999999999913
2096,169.0,ARG,HD3,3.15,3.171,0.009,both,0.21,['HD2'],0.00044099999999999614,0.009999999999999913
2097,169.0,ARG,HE,7.31,,,left_only,,['HE'],,
2098,169.0,ARG,HG2,1.617,1.596,0.0,both,0.207,['HG1'],0.00044099999999999614,0.010291955471539502
2099,169.0,ARG,HG3,1.617,1.642,0.001,both,0.207,['HG2'],0.0006249999999999956,0.014586104693224944
2100,169.0,ARG,N,,121.114,0.154,right_only,2.31,['N'],,
